OTU ID	Cellana.toreuma	Saccostrea.mordax	Echinolittorina.malaccana	Mytilisepta.virgata	Tenguella.musiva	Echinolittorina.radiata	Isognomon.nucleus
e5ab73c25f268721ac0782e226da907c	0	2	0	0	0	5	0
25b61640d6816b1433ebd538c77fac8d	0	0	0	0	0	2	2
72d7381dd63dc92d7c73d5c1dfb1fbb2	5	0	0	0	0	0	0
5d8132d4e23da537a90a4deea707ab51	0	0	0	0	0	0	35
7a23137ae22954099c8b23fdeb94a245	0	16	0	16	25	0	0
bd53a058932b3084c241a03af0e53c0b	0	0	0	3	0	0	0
66d2c2ed3db29b947d2759375c2d7165	0	70	0	0	0	0	0
4177cc736e16d0399ecd1a0587b512c7	0	0	12	0	0	0	0
a1b6faa9832964a29a6cd669229f2f8c	0	0	0	0	0	0	7
c572577abe157cab8a5e7db42450a678	0	0	0	0	0	0	3
6b3784b7611c33197c6149bd63f13b44	0	0	0	0	0	0	3
d196d6655f665379105c2479eebf1a8a	1876	15	9	0	0	34	0
c091d6f247f25cf899361577e58a92e7	5	0	0	1	0	0	0
990062cc867155613e3d434c09b0bd94	0	0	0	0	0	7081	0
ed15afb114135d718ba27fc912e5762e	0	13	0	0	0	0	0
f449500824829cddc82ce61f90e0779a	0	10	4	0	0	44	4
f1567392e47461743debf16bab88bb00	0	0	0	0	0	6	0
bce27cf2e31207fdd4902250e9420cd8	7	0	0	0	6	204	3
6fe92afed267af5a327a2b0f59175387	3	0	0	0	0	0	0
9a859cd128bf384946d2cfe610ac77c9	0	0	10	0	0	0	0
0034ed79c85b8c953c102891c532e202	0	0	0	0	0	6	2
55a94cb8634707a44aafee78093da747	0	0	0	2	0	0	0
0ac38162249d02c661e40ea849fceb9e	0	0	0	2	0	0	0
b08b69f6a9154b70b0ce50bf39fc5a20	0	0	0	0	0	8	0
54ef01d8894439dc9a38a51478945965	0	0	27	0	0	0	0
3f0333e8f610ba5a88cf5d6f47fef2c9	0	0	0	92	0	0	0
523db7b28db6dd774ca4944bbd3870c9	0	2	0	48	0	0	0
9eedc5e5176c6ffd4a8588c433ba6fdb	0	0	12	0	0	0	0
5cb705f8adc2ccba70b60c124029df25	5	14	4	0	0	0	21
8326ee8ecbc73f1cbbbcf746a208abf4	0	0	0	0	0	51	0
a53b21a6d36ce5ee25d3d396133b2768	0	0	21	0	0	0	3
3f87f7440eac66acb12de7d63fd79ad8	0	0	0	2	0	0	2
03e1032c0c2040b83a0d8addc5601ea3	2021	0	0	0	0	0	0
c956701f6c2e74bad8bfdf5480921fdc	0	6	12	0	0	0	0
2511876d632d95c64c698be3bb084649	0	0	0	0	0	90	0
f68a8b9a6607993fdbeb93b27c2a2ff2	0	0	0	0	0	5	0
affa993f9cba9a560112a28e7c2ec978	0	0	0	4	0	0	0
0599abbc1088c5ea4fca68bd3696f555	0	0	0	0	0	2	0
37ce1a44c271b28a78d68655febf10fb	0	354	0	6	28	0	16
c01c6b443e34a74810f3376241b07844	0	0	13	0	0	0	0
afca65dc4d9e40d29fca9c2fd1936a8e	0	8	0	0	0	0	0
c779810253297f0a29174b2fe5ce514f	0	0	0	0	0	0	7
bdb0c02a7d2e5d2d0b99036f2fa9c2e9	0	4	0	0	0	0	0
d4352dcad6666754846b1f4d547e7a73	7	2	1	59	0	0	16
ade94c1efa3dac2c0063f1a6dc682356	0	0	0	0	0	20	0
c7c921162aa65412f2200486454e4815	6	0	0	0	0	0	0
df1eabdac48430ec23b85843dfd46265	0	0	0	0	0	0	400
03ed98337cfddd03f286f649079c41bb	0	0	0	0	199	0	0
247acf98a2901c2829519fb9d21294f9	0	0	0	0	0	0	36
26f7f62897765c9d56adbdb4f232fbee	2	0	0	4	0	0	0
08e6bf8aa6e3bf2094c998314243a01c	0	18	0	0	0	4	0
94e96bde71d82f0a58444d69309c94c0	0	0	0	0	0	44	0
f3b9b3df09ed1dec049c8b5556ef2399	0	0	0	0	0	11	10
2a0115bdbaab560cacef8b3015ed9c66	1	0	0	2	0	3	0
0ab4f6bfb7f252a64b749168d64d04ec	0	0	0	0	0	23	2
acfce70779741797c1c33c09e95d305b	0	0	0	0	0	0	3157
0e1dba9e2abccc9d302082bed4b90374	0	3	0	0	0	21	0
7130df835d904c099e8e9ea4dcd3abe7	0	0	0	0	0	19	0
308f417de8c1d87a629cbbe830bd0437	0	0	0	2	0	39	146
29dfb97b22245a39f4f54cb64a8b4ba1	0	0	0	0	0	0	12
2bfd2d84c1bca513047bf83fa23b4902	1	0	0	0	0	0	0
697223be9ebc643a6c42873de006c982	24	0	0	1	0	0	0
bf2abc19a5f269a5337f476e37c9d89c	0	0	7	0	0	4	0
2000e55a802d89ce63a6193f9f712400	0	0	0	2	0	0	0
3899acb07bbd5cdd872c24c734cf7652	12	0	0	0	0	0	0
bc53641178926a96d420103814c34bc8	0	0	0	0	0	6	0
6e5c9f74ae9046dcde542c6c557bd5b8	0	3	0	0	12	0	0
22c20bba2433f6013a43e7a4a9f0086b	0	0	0	0	0	0	19
9d8358b866658da57abfdcd1395d43d9	0	0	9	0	0	45	0
9a7bd877a5e311955f5656b3c63b5a5f	13	0	0	0	0	0	0
f7c7cf5d973927b9b5e8010776df0cdf	6	0	0	0	0	0	0
66d9994d636237146fd8967f75938da5	0	0	0	0	16	0	0
8da1c092898bf22e27aef59995aaa4ae	2	0	0	0	0	0	0
4fb4774ef9c6d29eeca8d4bae7aa9437	1	0	0	0	0	0	0
aea00c515296942f3e68bc24456a29f2	0	5	0	0	0	0	2
327b63cb560f9915a46909e57d968f8d	0	0	93	0	0	560	0
09ee00de08f8d54a02caef7108831b3f	4	0	0	0	0	0	0
9e88084b460270c82337b15a7bc39758	5	0	0	0	0	0	0
6373fc393e6757eeccd5c9382c052702	17	0	0	0	0	0	0
3aeef5c4de98b30b888746d3b988a855	0	0	0	0	3	16	0
0ed40dd8de75365d5bb39607dcc46f6e	9	0	0	0	0	0	0
4e6590e242df4b99c6d69c53e8f57be7	0	0	0	0	0	434	16
cdafb2e80467fb58d747f82e62d847c7	0	0	0	0	0	0	3
8ee0b02021d8756f74318408a6623e8b	0	0	1	4	0	0	0
1d4264b261a22d2a94ba4a7240566b00	0	0	0	0	0	29	0
977bf7e1a1d49b32655b807c17081dca	2	0	0	0	0	0	0
dd2d7dc7c5569b9a3a3e39281f0cebbc	0	0	0	0	0	33	14
3184f593d626f1543aa4cfdb6246703e	0	0	235	0	0	2	0
f7e2ec47875060ae794f7a9bd7efc7b3	0	0	51	0	0	5	0
1afa7f76b0fe8f53b7616d2e711bac4b	0	0	46	0	0	231	0
a62533954794aa148c497237c799a38a	0	0	13	0	0	0	0
fd91778073452fe9c5f5c7dc3c599e64	9	0	22	0	0	29	0
a9cb2bde07d2f721c0072649cfb2db38	42	0	0	0	0	0	0
192dc73a10edc6dc3946468c52315b08	7	0	0	0	0	0	0
7375c21812ac6d907c750b44666f10f6	0	2	0	10	0	0	0
3d716f8f53240b9ed705e1f14242a881	0	2	0	0	0	0	36
ea1287c28697bc8917b262b63b1b4c40	0	0	0	0	0	164	0
2a28d7a36c1c448c65e2a7b6758bcceb	23	0	0	0	0	0	0
0ed8948b21567f57e333604b14842063	0	0	3	0	0	0	0
55341fb243344f3fa2eeceaf2130f83d	24	2	10	9	0	25	13
d72651e43c80bea344e75538796c3057	0	0	0	0	0	0	9
1527d45d0794f0f0a120f577d20828f5	3	0	0	0	0	5	0
97f1fada21b85c6381079c808168e038	0	0	8	0	0	5	0
43ff5b36d53416532f9b147e4cee6a22	0	0	0	0	12	0	267
e71af592664fa9e08b942d76d8999552	0	0	0	35	0	0	0
c3ebbc38aa8688cc15b6904ab2119ef5	0	4	0	0	0	0	0
6b38a7ff65ea3cc6f46c6ee9f96e2511	23	0	0	0	0	0	0
f37c351ecddcdedd2a86517992e808f6	0	0	0	0	0	288	0
c5080e5d10f18820d1bc37b32403e4b0	22	0	0	1	0	4	0
ad82b685f5000835c66d604c96732f71	0	0	16	0	0	0	0
bbf60bb42e58daaeb8c44e0c77480389	0	0	3	0	0	10	4
376d15bbcae6e35406c0701a768bc9e0	54	0	0	0	0	25	0
51ad6deac03c49aa6b6a82dc416a2b35	0	0	0	0	0	4	0
d761479d20ce8eda624e431a606424ab	0	0	0	0	0	20	2
ba21a4b7f37ed90a91a2a0ea676e2bb4	0	0	0	0	0	0	90
fabfaa1e1903d0d69dc2ddadede012d6	0	0	0	0	0	0	5
923f7f8688aa473d0d340af16361a87b	0	0	100	0	0	0	0
60540742201ee1c22114d8610a153c6c	4	75	0	8	11	0	0
805898ba9ce78c19ebba08ccf59e7037	0	0	2	0	0	3	0
fbffc30f31e7ffea826fb9521b362916	0	0	4	0	0	0	0
02e17c2f857d13b41200f0db662d20eb	0	0	42	0	0	0	0
86403537265d71e6e17f5cac3b13bbcf	7	0	0	0	0	32	0
202e7f6d791f72f34dcddb2dccf1de81	0	0	0	18	0	0	1
d23413662aa170006aa64d2419f7e2a9	0	0	0	0	0	156	0
cadebe23ab2e5c43f372d4677bed114b	0	0	15	0	0	0	10
9697d83cda494db7ef91463663311fee	1	0	0	0	0	5	0
923c5853a239680819bad57a383ebffe	10	0	0	1	0	0	0
5dc516c5aadcbb0a1b9bd44a8934a572	2	12	5	0	10	3	1
392bef4e1304e2ef7bab10a4859bef64	0	0	12	0	0	1	0
268f5a5db187c7d4d933730282676691	0	6	0	0	0	0	0
740a093879f0f91f8cdaef47e70d4d6c	2	0	0	0	0	0	0
d53c56a4b77dda0f48ce2dceae75c158	7	0	0	0	0	2	5
02d7a25f17238a5b076a525901571306	6	0	0	0	0	8	0
69f774fc8f7d1f73c31939e080623b82	0	0	0	3	0	0	0
5c4c92ce4649b0144a2b0c11ebcef263	616	2	0	0	0	0	0
30e29b6b1ff11d8881d8cfea662205db	256	0	937	4	81	1014	0
5b630eb81354e80bc2ac3373920cf0b5	11	0	0	4	0	0	2
a8803a7ebf7addbc788b4a6b26394954	135	0	238	0	0	476	0
18a9be0b4c0ce954180cd972e51f6a94	223	0	0	0	0	54	0
21c2a8e88b52e885cc7ac02b92df6140	8	0	0	0	0	0	0
08113ae4ecfd100344340047145b527c	0	0	0	0	342	0	0
0933a1c6f692e60558451733b952643c	0	0	4	0	0	19	2
2a63e66d627d3271531498f589fd353e	11	0	0	0	0	0	0
e7dd8f5b2a651c2b35c22555be3e37fd	0	0	0	0	0	69	0
c8b4543358bc99ea62433b4d297519cf	0	0	0	0	0	0	18
f074e6ddef734458a255e685bf5eaaa4	0	0	0	0	0	45	0
099981671efec2a86b2baf6802fbf9bf	0	14	0	0	0	0	0
3816f2fe998450ebe79eeded0ff2df61	4	0	0	1	0	0	0
405150af9b8b7e7c466e3496dbd81d99	9	0	0	0	0	0	2
e65e6b42ad380a3bb708c3b34cd9eb23	83	3	0	0	0	463	0
3516a6bdd5c6261b8e381a5d107179c6	0	0	13	0	0	0	0
113324467b4d57b426881e6be88c694f	0	0	24	0	0	27	9
e4cfeca874614e02cd81f8f831366299	0	0	2	0	0	474	0
0cda7131fe30f373571bf1a00a2d48cb	8	0	0	0	0	126	0
0c76243145ca6e7d6e139575a8ceaf2e	0	9	85	1	0	0	11
8b5bbd110c324a004da542523bf90de2	8	0	0	0	0	0	0
07f9253a7de99601dbaa08b745750802	0	0	0	0	0	0	7
242d56e570c77c5242559802925f74f9	0	0	207	0	0	0	0
d11dd3b2d55e7e279ee1777277369ab7	0	0	0	0	0	0	9
8ae8b8f11a95b8d72214c2dc76c10c06	66	0	0	0	0	0	0
43a37ce2008eab41ab964e179c463bca	0	0	9	0	0	2	13
d89f6d0c6e3aebd485084e92c13028e4	0	0	0	0	0	57	0
e36c4fe9819613a239db5154264f624f	0	0	3	0	0	44	0
07c8a47eeba64d06c5408b4c5f79c155	2	0	0	0	0	0	0
b94a07a6b9eccb0c2932ba41fa58c8ea	4	0	0	0	0	0	0
08a1919679e1f2a447e3f6f148a592d0	0	0	0	12	0	4	36
b86e9a47c82c59401c3e924f0c4851b2	2	0	0	2	0	0	0
706a7651cc281b71e758a91b92ae102a	33	0	0	0	0	0	0
9d4c2eaf8dd5f167173777b90ddc01f6	0	0	0	0	0	0	7
f6a774563e5c5d2a9f1648f7fdf1e75c	0	0	56	0	0	0	0
7bb7e1efea7aa322dca84cdfe974bc95	0	0	3	0	0	0	0
a954177269a842dfab6f9a8ee780cb0d	2	0	0	0	0	3	0
46066b396997fa0abd71fcb1058758f0	0	0	0	0	0	20	0
82d251ecf44f09d71db804be78b713dd	0	6	0	6	0	0	8
37d6534dbbfc1ed3137074c9a229be36	0	0	0	0	0	21	0
d49c93a3607afd21d57fb35f9ab9165b	0	0	9	0	0	0	0
eac95d1b7f4e76b84d6a45c66eb9d8f0	0	0	0	2	0	0	3
172ed34c993f92a35c0106bbc42f1d07	6	0	0	0	0	0	0
076c80ea4cba551d115828e9cad72bf7	0	0	0	0	0	0	9
c02b5dc3325cc28ddf89b64f82e08e98	0	1	0	0	0	0	0
25f3c0f09eb6311ac87733d60ee73293	0	1	0	0	0	0	0
e2e9ce8aefd2ee5d32cfb5840a79662d	0	0	9	0	0	5	3
efae8f0228d1d3b84af92ca12f49d843	5	0	0	0	0	0	0
fa5d20c5e915ce66efad224d989f35f0	46	0	0	0	0	0	0
bb2c81a5a0ede40bfd8df8cfb3dad06d	0	0	0	0	0	11	1
8777f45cbdc8b46f275d3f191b0af603	0	0	0	0	0	4	0
06e801cb91603fcb93563055ff086bbb	0	7	0	0	0	43	0
749e5332a99121e6fc9301254403af7d	0	1	0	19	0	0	15
fd3f1c611e12316a4287d92171c69e72	0	0	139	0	0	0	0
8618aa5f79cc66f53a227e0a494632a0	0	0	6	0	0	18	0
fdd833bb49e38cbea0c4b0148f0a3599	0	3	0	7	0	0	0
832841beeb8a0f10edb730e362a7cf44	2	0	0	3	0	0	0
fd3b583e77a3535acb5bb4e00c7d906b	0	0	6	0	0	0	0
b522efd4cd2f3331ba404c815e640238	0	0	0	0	0	22	0
70bce070bdf0e367bb974f3ef7f52f08	0	0	0	0	0	29	0
e06fa445a458396f6d34c1a7516bf32e	0	0	6	0	0	0	0
2fed7c41d3b649a70ec64ddd84ac8de1	0	0	3	0	0	2	0
d4e1b76f1c1d4145d60518c1ed9e6cac	0	0	0	0	0	0	4
a9ebd8caf3d190d62ce6fb12c5d99446	29	0	0	0	0	10	0
5a600161520111afc646eaae0f2becfc	0	0	0	3	0	0	0
cc1f9997cd1ad78a8a18d0b3501a7e6a	0	0	0	16	0	0	0
2f0dfe29fa9f99642a99a6f0ce384e1d	76743	293	42	0	0	0	3
9c8c4c19ce6d0719276ac6efd6031016	15	0	0	0	0	0	0
71533f014f8726c8b1d9fc0cdfd0c802	0	0	0	0	0	3	5
d67f2a158273ff3ae46adb02084d52b4	0	0	7	0	0	0	0
211537be5070aca0667e858cbd7b207e	0	0	12	0	0	7	6
483b82b6a4b9d20477d209314a192e02	0	0	0	0	0	6	3
1f87fc89fd95c453daca16ed27de43bf	0	2	0	0	0	0	3
5436d9e141aa39dcca4d5f15d4b3a3c7	671	0	0	2	0	0	0
facaf204dfcf6aedb0dc5cb11e7c00f1	0	0	0	3	0	0	2
412169f31402fdfebd6f85512db31166	55	0	0	0	0	0	0
c93a54ff00055f9ea72e63c99bbce037	252	0	0	2	0	0	0
fa5b55d3fd7ffe234811dcf052519044	0	0	38	0	0	40	4
379daa1e52410bfc45de2c7d40c66859	4	0	0	4	0	0	0
057fe07e3906348d50c7a0c1016b509c	0	0	0	0	0	18	0
d69acbccaa2c2824cea37daa14b58d8c	0	1	0	0	0	0	12
c07d06e59246c9c53206711226a2692a	0	2	0	0	0	0	0
0eec5fdf591ce2dbfa6ef767dd348896	0	8	0	0	0	86	0
ae39c155a32b5cce4c34236d0d892b5c	0	0	5	0	0	0	2
60ede723ff3703fb9be32f60cf789651	0	0	2	0	0	0	0
644b9a308f5fdd4922ca970e95f6f668	0	0	7	0	0	0	0
16705fa81dec46dbbbe31d615dd5502e	11	0	0	0	0	8	0
244f7ba6baa6955b367389be5f2890c0	2	0	0	0	0	12	0
d7fa9053b0194054573160fdf61d63eb	0	0	3	0	0	0	0
fe0d0ccda482f7daa635ed17ece65a13	0	0	7	0	0	55	0
4d0c1b765e48276090bc42540d24ffdf	0	0	0	0	0	0	11
beff8433422bc5a7a2d7b9d3486bb3d2	0	0	0	0	6	0	0
8a187c76387f4dcbc1342687091af2be	0	0	6	0	0	0	0
c8cd6b94e3e2a3087e383876cbe4c9e4	0	0	0	0	0	36	0
f57b0f24114c828d63cdf15d25cbb7e8	0	0	0	0	0	0	47
a67662d47e7cd285c743630fe2d2c0b5	0	0	0	0	0	0	12
26566e0ca85357a85fa643449f5f3082	7	0	0	5	0	1	2
a35af6cfbfc4c91e05f7f3b1a6d3a120	2	0	0	0	0	10	0
9fcbeff581a6e61c701a9992da00008a	5	0	0	11	0	4	4
f97da6c992b0232e51ec8a97b145a308	0	0	0	0	0	0	3
3ba1ef485774307f2e20c2f34577f9fa	20	0	0	0	0	20	0
03278a1fcfd64a45e2240ee5689b23a2	2	6	0	0	0	5	0
898f8675436b480803ffd5425a1e05e4	0	2	0	0	0	0	0
2e6977f1a141ef54284eaa94de5bee10	0	0	0	0	0	0	20
0a7f4262ecc1008e60b99a0cab3d354a	3	0	3	9	0	21	6
9d05134b60f5429da047b6f51c5d9156	0	0	0	0	0	0	52
914580498c21bbcfc2e095500b3fb4c8	4	0	0	0	0	9	0
ec3a30e61072d6cd7f69e6610acd2319	2	2	0	0	84	0	878
4ace9a01f0d8de03fd69df9dbb6dd1ee	9	0	0	1	0	0	0
ea8d3bd0847fca2ffd584a4f4f2e8707	0	0	0	0	0	0	101
2a717f0b4ea98223541a2fdee0275a59	0	0	0	0	0	0	8
7aad34d87d8992b993e1cc320fd03722	11	0	0	0	0	0	0
93d09ba90b004ecf6b9f52f0a5434d56	3	0	0	4	0	0	0
86f841f79d94193bf27897ca477de169	2	0	0	1	0	0	0
46f139df69539c47c0e0dafd198ab6fd	145	0	0	0	0	0	0
d13ed0db9bacf19524ae681b1c76e9cc	0	0	3	0	0	0	8
a1158265e7f3253c09a4646f5435b5d5	0	0	0	0	0	0	18
3a72f1193f73e2ee32db427202f7c7d5	0	19	0	0	0	69	12
ac3765c66628fe426471a317d966242b	0	0	0	0	0	0	9
28722b775572c02e6c12b2653194cefb	0	0	27	0	0	0	4
8bf58b8da0813be19a8b6667fe68eca1	0	0	0	0	0	12	0
5811de2720094b72861225cd80193662	0	0	0	0	0	19	0
ef63ebed33a81ef8caa6cef5c0bed972	5	0	18	0	0	73	0
9bd2a82ff17fd982cb2ac1569c58da83	0	7	24	0	0	37	41
222d7af17f21c9a17669d53d09664bd3	0	0	0	10	0	0	0
00f5957f49d4fc895f2c768d65dfa302	39	0	0	0	0	0	0
36976fdc453b0217e263da9aad608fda	0	0	0	651	0	0	0
75407c58fe7a4b6df7b82c221b0ebed1	9	0	0	0	0	0	0
a8c4e4d85be0699f0eda08260db7f974	0	0	21	0	0	0	0
638795a34bab29aafa3b4de14bb21f0e	0	0	0	0	2	11	0
27d6bb640d4bc1c871463fc6f7c028b0	0	0	4	0	0	0	0
daf807bf0516a7c442a7a3f14afd1dfd	0	0	0	0	0	0	30
840f36dfd30a819d1555ca7b29fd1d14	0	49	0	0	0	0	0
42de448ad06a32646d38d9e8069d93f3	8	0	0	0	0	0	0
ae0a348f3e5d1cdb714cc99b57d51d1c	8	0	0	0	0	0	0
7e01e6af8dce6e41c9de5e4221d597bf	7	0	0	0	0	0	0
75e3083a2b7571eadda034ec53c4e12b	0	14	0	0	2	0	0
2d1ec69a0c098b77c717f58c1cc1405c	0	7	40	0	0	0	6
b2fcf492b37c19795c8c12282ae3a65e	0	0	0	0	0	30	0
497de5b095b14c8b4a6d3de6ba9a44af	0	0	18	0	0	0	0
cb4a392d9b6c865b44d691cb2dd56a6c	0	0	8	0	0	0	0
c4c715798f1708d5c8fa2ec6b00771b7	0	3	0	0	0	12	3
fb9700cc5587288f5be3d3abb05f097a	5	0	0	0	0	0	1
1faa83185fe72ec5616f0f7a2c4dc498	6	2	0	9	26	11	17
289fa1a3d7b02190da5caaeb1e2a46f7	0	3	0	6	0	0	2
58b9cba782ddaefacebdf986936cedcd	0	0	0	0	40	0	0
3bb4bef0ed72a084b0d901b490cd671b	0	0	0	0	0	0	46
d4fea0335d31a998a744e3cd3d981305	10	0	0	0	0	0	0
661e5330c63fa8a7239e7515763f27a4	0	0	0	0	0	45	0
a9a02e52d39c15b2ca7d439b960a026e	11	0	0	0	0	0	0
41f10a502004ec03da4f72152069cbcf	0	0	0	0	0	0	15
ac78b5eac4c22640aa35c46bfd0bd27f	0	2	9	0	0	381	8
808e6903490a0c77bc4c8166366a7bb4	2	0	0	12	0	0	4
3f401a2a5f126786131f9de31bbde140	0	2	0	14	0	0	4
5557b7d7a659331dcd0c7920bda471aa	0	0	28	0	0	0	0
f48124716b0bd6447ce13cbf9e3f43b3	0	0	0	0	0	0	4
5b0ad97bf79c1d3bb9746b578793e41d	18	0	0	0	0	0	0
b79cd707a1c2f333f308f537a23f3842	0	0	0	0	0	243	0
ed61812f3bac98c7353029648ab4deb7	0	0	0	0	0	49	0
06448f4346d7851cdb18e171988f2bd1	34	0	0	1	0	0	0
3fc8415f55672e05c0dcb7badfd3f9ea	2	0	0	0	0	0	0
338ca7c422bbd8a7197f49c1d995ce85	3	0	0	0	0	0	0
68849d85a10c7b1afb2e5114ee4f872f	0	0	0	0	0	3	1
2b3c336db42de5c63bfcfb63280d5252	1	0	0	0	0	0	0
01174b47e3117f3c5147d7bebd71d686	0	0	0	439	0	0	0
95a40d0541c4b18fa1fec3ec3e159f67	0	0	0	0	0	5	0
9441184d7285560bb793237c46c224df	0	0	2	0	0	0	0
073f0c188f535986acae36e4d98ef31c	0	0	0	0	0	5	0
b5d16f171f38ca153e41984ba52abbb3	0	0	0	0	0	0	3
6b007d195305fe1bb4986ccf53721e6c	0	13	0	4	0	0	0
40aee2d5019794936475c582fe8b7ddf	12	0	0	0	0	0	0
6b10e1f346606fde8542edaa59924a28	0	0	9	0	0	20	4
d4bd4bab4e964b7e3194e764fca0cbd7	0	0	4	0	0	0	0
868e649b05791b35701c9439428f55a8	3	0	0	0	0	31	0
1d9862cf7c21f80b021335df23fff86a	0	0	0	1	0	0	0
dfac32965d094ae86ed070b49d76656b	0	0	0	0	0	39	5
2f871ee46efb4560e3a059fe27d6c30a	2	0	0	0	0	183	0
f27afbffc2c4af0a2a6d1aa2b73d46b0	9	0	0	0	0	0	0
1212544dc87d63bb3dd2d5d6be3e67d0	0	0	0	0	0	0	54
97c91ab1cec67e52bbe55542bd49fd00	0	0	0	0	0	30	0
62db655570515cefa5a575c4f3711b36	43	0	0	0	0	9	22
db96a383b35a268568ed6473ace18ac7	4	0	0	0	0	24	0
55a1f7fe59ecc45660d646a28677d682	0	36	0	0	0	0	2
952e74ea7c08a689ccfccc936591a726	0	0	10	0	0	0	0
20597cf252e9627c3bea6e40356ddc76	2	0	0	0	0	0	0
c34e5b9f9a8325cf62592d0449030545	0	0	0	0	267	0	0
d7cafc45ab6652ae8c288ea5643774af	0	0	0	0	0	0	1
134f18f876d46b27960fb1be3254eaa5	0	0	0	0	0	15	7
ba5df3b80e1c754c847d2d274b90e280	0	0	4	1392	0	0	0
7e0672145f1ba8062765c7ee8337b66d	0	3	0	5	0	0	0
4f8eb60fbdfdac7bf9a6fedf439e8886	2	0	0	0	0	3	0
2a343a94a4cbdbb22475abd72769ebd4	75	0	0	1	0	0	0
3845dbee2e2efe2a55e7541a1809b093	0	0	0	0	0	0	11
0e55cd98cecf1a39c928f47988566173	2	0	0	0	0	2	0
b9e121a6ad2731afeb2bdd5c554d855e	0	0	0	0	0	64	0
2b6da5ac17ab192920d65ba4bf254ca8	0	0	6	0	0	0	6
292651cf298110132d06696776a60521	39	0	0	0	0	0	0
1ce934fb9a785b038f33d6122f7ab63b	0	0	0	0	0	0	3
0e85091bf38d2f1829a58974dc3c2fa9	0	0	0	0	0	0	7
c9226a1b69f351c3b61194d496bf9e3a	14	0	0	0	0	0	0
8f55860a07808414c1952443cfdca995	38	0	0	0	0	0	0
d3e09bb1cfee53d08c38c5c81bd4fefc	0	0	0	0	0	0	169
f6715d2770d3ba96c8fa52848fa00872	0	0	0	0	0	18	0
33505936975750995184764dde12c21a	0	0	0	0	0	0	2
a498fc99abc30a83096311f29f42b43c	0	1	0	3	0	0	0
0836dafe0c700d796d7d83b9661622d4	9	0	0	0	0	0	0
5b6ddb2ef944d3c7387c005b9f0f5a4d	0	7	0	0	0	304	5
61681244c286c26e32d503c322fdade5	23	0	0	0	2	0	0
4dbe0b452e62c7900f2495bea08ba847	2	0	0	0	0	8	0
d7e19dfe80940ae46bc3aff0805e4421	0	0	0	0	0	64	0
213858631ae88baf34d44a0996a30d5e	0	0	18	0	0	0	0
ae30ea6fde1ad3aab2f47de83e6aaaa8	3	0	0	0	0	0	0
7a0db28241c32186e0c2711bf0860abe	0	0	171	0	0	5	291
db8ecb068ccbacbf348bb1eac29d1f72	0	0	0	0	0	0	14
c1042e9ba0b2f382a1a5baff7eed6ac2	0	0	12	0	0	30	24
a6f71d26a62602d9f7bdd18d387d2841	0	0	22	0	0	81	10
d3bb53fd0c39ab0e693866d7d75f0e54	0	0	14	0	0	62	3
7573659827cd1b41e523fc7b71a98c85	0	0	0	0	0	6	0
d9610f62fcf5d0f2cce8c179cb2b30ad	0	0	0	0	0	29	0
9102ced5f4e4bf0df6ed022b7423e515	0	3	4102	12	18	1642	81
7879f240dfb3632e36121a9d18b29d32	0	0	0	2	0	0	0
15d7801d307503dadf690da66f77ca6c	6	0	0	0	0	2	8
f10df8f73c88c7a55dd6a675bf823994	0	0	0	0	0	0	11
e9c33e1201eb938cf524f30f9c817d62	57	0	0	7	0	0	0
fe566d9cf2f991b2e0c3b490f3056ccc	3	0	0	0	0	0	0
0a420aea60817844158e817195a4c06c	0	0	0	0	0	5	0
4c6ceaae5d908294e2dc66d0240ea2a0	7	0	0	0	0	0	0
32cb53f2fc4f368719680d77ed274078	15	0	3	0	0	21	0
92ecd84a2b896f1e41f73d59d865c232	0	10	0	0	0	4	0
6696c8cb51eef719093ceb9766eba8b5	1	9	0	0	0	0	0
9136e4c0df3b36e3c53e992867342308	0	8	0	0	5140	0	0
a089228bac3786fc13573dd8170a24d1	0	51	0	0	0	0	0
677541136e007364e4322a12c104d82b	101	0	0	0	0	0	0
b33f685b872e43b0cbdb7dca9b4168d9	0	0	2	0	0	0	4
d1e1f3126aec188be5b262ddc49bba4c	4	0	0	3	0	0	0
97d9c2e8d58f33c629a8cd9c620ff978	0	0	11	0	0	2	0
ab5e15347aad1f780ba0b7a208bdf8ae	0	0	32	0	0	0	0
fbb9d7edcde65088ea0e5734fdb6628b	0	0	0	0	0	108	0
a697d68146842c6f599fcaf768a587ff	0	4	0	0	0	9	0
955257cb6072d455f49ab0d0fd81de22	0	0	0	0	0	248	0
b4685cfaf6436fd5b700503c54c57e50	139	0	0	0	0	0	0
93445ba14ab36ea684b36611f2c8dbe2	3	0	0	0	0	0	0
ca93469a6b9bf62502d75790b24cb117	14	0	0	0	0	0	0
092f7d1d6b19e34d123c63048eb4e1cc	0	0	219	0	0	6	0
cffdb078609c107b959b2438f6fe6461	2	0	0	0	0	0	0
3ea02fd75769c3f080c89a265efc5165	26	0	0	0	0	7	0
89ed860c9ba3bf8c93471f215d92b0fb	0	0	18	0	0	0	0
f8a6d3f15048f20fcaf19e87791b2eff	0	0	0	0	0	0	3
778458a0a54cd11ac403e9973ab3717f	0	9	1	0	0	0	0
55161ce1ec5bef72356daa6fca60dae5	0	0	6	0	0	4	0
046ff2351f695bd8b552c978e965d103	0	0	0	0	0	0	62
e8a3ea368c990cfc90850decead57d2f	2	6	0	0	0	0	30
c90ab1917b9539545146ebc5564a8f01	0	0	0	0	0	48	16
b7c036f23016056acc23a28b0ae1da55	0	0	0	0	0	151	0
114aa1a882d563f40fc193b23c3393fd	0	0	8	0	0	0	0
08c8a4c125d07d447cd72eb2f8480098	0	2	0	31	0	0	1
87c0c117def57d9e5a280b3cdad1c780	5	0	0	0	0	0	0
bbb4a1fb7268267a7dbe9b6229ea0614	35	0	0	0	0	0	0
f8dc1f8bbd4c9cca9dcc0092de138279	0	0	0	0	0	91	8
bb4d777505944407281b947951a932a5	0	0	0	2	0	0	0
0fd3c7a0d91b357e3dc95d03582b21ce	24	0	0	0	0	0	0
db2809782f992f1c0c08a0c6ec267fcf	0	0	0	0	0	7	0
c509aa7a540ed8c133f958cf67b6a47b	28	0	0	0	0	0	0
5daaf4d6d127e77c3a3453329f81b460	0	0	0	0	0	0	29
2116d77e65200e174e8bba73e1428836	0	0	0	0	4	10	16
c02cf06b688055444a10b694a18c5cdd	0	0	0	0	0	0	201
224f2de11dfa48a822a48d1dd5673c77	108	0	0	0	0	0	0
68035b8533b295722f02d1a09dd300fb	25	0	0	0	0	0	0
57db04177ac96c4337bcc37db63f14ff	0	4	0	0	0	35	0
ab7d07fad7db35be9a2bad77ce51f704	1	0	0	0	0	0	0
1b344e43b1a089881060a8593e21281d	5	0	0	6	0	0	0
5a5d1529a6fb3e95782527951a07e732	0	0	218	1	0	0	0
215cc77384ee65e08d8eeda4ace61505	2057	0	0	0	0	0	0
7a9492404bcb6f8731c15ac602329b04	0	0	0	0	0	0	38
98b6069bc3b1b444e1ffc405ced59ac7	1	0	0	0	0	7	0
0001ad95a7404c3eda080a59bd330616	1686	0	0	0	0	0	0
c82c529c58ccc777d9c283436bd77854	0	21	0	0	0	10	0
96d98d596fbe71728295bf2367bc9317	0	0	0	0	0	26	0
ae21806fbc653cc2e3737ddde3b9e26b	4	0	0	0	0	0	0
609d4ddd2bd5ed0435009915912e595a	6	0	0	0	0	0	0
ad8ee75cb47be58ef1ed845bb307dfb4	16	0	0	0	0	0	8
7fe768dc7c518a01fc1e5e9bc485a2ba	22	0	0	0	0	0	0
d25c3a1090e2943274d760ff78c6ee0a	7	0	0	0	0	0	0
3075e835a8a55982ed398dba94d3e151	0	0	3	0	0	0	43
a7579db0cba7bc5af3c814677e8921dc	4	1	0	0	0	0	0
c1de0182c7bde855f559674600ec67b0	0	0	25	0	0	0	0
2693ff9610331008d244481f8eea3590	7	0	0	0	0	6	0
5f073dd1c23e1a811e20b4553da88de6	5	0	0	4	0	0	0
8be4a071034993f51664e58fe03f4fdf	0	0	0	0	0	0	7
7c45669f15f67b03c4dbef4224ce65ab	3	0	0	0	0	0	0
977403e93af3f1633bc3d4822d076bd9	0	0	0	3	0	0	0
fe69a93254f737006e7aa598567ea8db	0	0	0	0	0	0	3
0a43a6d0da7eed0b709d96c03bb67189	0	0	0	3	0	0	0
6929900b3007e5e9633f8ef601aed11d	5	0	0	0	0	0	0
8c648783aaa68e1f62f22037656783f2	0	0	0	0	0	0	12
f103f2c8362b185611239b918a8751b2	0	103	0	0	0	0	17
6b7f858bf3c1ece4a3f5c22c1e0782e2	0	0	0	0	0	0	53
77cf20bc7465209cb330f353621bd575	0	49	0	0	0	0	3
d0caeec631d29da6158595460ac6dccf	11	0	0	0	0	0	0
05aec099e5869d417b5f27f29dc64c58	0	0	0	189	0	0	0
ca28d08d6e67d823279593c22486767d	8	0	2	9	0	17	5
6f71c52f63d4f0f82a2e0030a8dd3ae4	0	3	0	0	0	0	0
9fb01b3700eae2b25adf3305f8ed1ad8	0	1	0	0	0	0	0
79186c39ade8bf70446b4c6a72ebf4d1	6	0	0	0	0	1	0
83cf03b980438e9bf69f3113fbaba3c3	0	0	48	0	0	0	0
7ea09b344b79252989e11eb9b7d0f8cf	15	0	0	0	0	0	0
a853d1dc99ff2704db4454c0c1f4aedb	0	0	0	0	0	0	20
be88b76b2e62fe2b86b05b0d5b04486f	2	0	0	0	0	0	0
3370492a41693fb50df3eb64a308bdbf	0	0	0	0	0	5	0
d6e68a5b35707780c2898b4a2fbeed1c	0	0	0	0	0	3	0
b68fd23860f7d0d8979c5e6b4454ba64	0	0	0	0	0	37	0
72f9feb88a18a8ccc66cbe15ad63c952	0	0	0	0	0	1246	0
144f9f78e454833618df600433ffe920	0	0	0	0	0	18	5
b618f3ff0ff5f2d6d7c8b8218bdd204c	2	0	0	4	0	0	0
eb59186936c7c56f848a2509d4fde0a6	0	3	0	0	7	2	0
9b048111634234e4699d56ddf14e3580	0	0	8	0	0	21	0
0d8c54d076d4ab52510d925758655bb9	0	0	6	0	0	0	5
99c2c38a5ca2e3eaea312bbe3c7ac8c8	0	2	0	0	0	0	0
95f646340ec500647b1ad0dcefaf1cb7	4	0	0	0	0	0	0
e1eebe6ad9bbba684583f701908a6a6d	0	9	0	0	7	0	0
f2078657556d766f8544eb3c5edf1e66	4	0	0	0	0	0	0
38386ad7b4f96b6f8ed94fcb45b6bd74	0	0	0	0	0	0	5
b6b1e1c237f2c1fc64dc4c256691adeb	3	0	0	1	0	0	0
77b3b88dcae9ef70c6bd94130135b50d	0	0	32	0	0	15	0
c910582fb6145204b7e6c31743e13af6	0	10	0	0	0	20	0
ed7cfe404cc71892e9844c92ecf5aa40	0	0	0	1	0	5	0
db7ad09801fff6bb7ac146bac32c83a0	13	30	9	225	0	2	107
891e4d6985d5e02d4a1d652eea5f52ba	0	0	0	0	0	5824	0
0db1c2851fc9aac681a5ad3fb419068d	0	0	0	0	4	0	0
b4c13d6c2a0051513f3b7cad41e694b0	0	0	0	0	0	0	4
d0d0bf36243f1062e79cc4abd9cffd6f	2009	0	0	0	0	0	0
5449aebb78d0c77d57b2083e7b0065b0	0	15	0	0	0	0	0
a21f80fb9f101a5a66bfc0d699b59fbd	3	0	0	4	0	0	0
2e33f7b465bafd2b864e42397bdddfa0	0	0	7	0	0	0	0
66e3d2ec1260e1f35283ecc53af67eb4	27	0	2	0	0	0	0
17aecfe0de663b84b656b32c987b9727	0	0	0	0	0	98	0
3920d8c0cf72185f3a5e974d490877a7	0	15	0	0	0	5	0
b660391548ba2ebe34e57a1a0c364563	12	0	0	0	2	0	0
c104453bc3bd3794472c13f612e5a04a	0	0	0	0	0	16	0
06ec54d9017189bb3c846fd9bf45212c	0	0	2	810	0	0	0
2cac42bcd0808be3d45283df0f506e1f	0	0	0	0	0	39	0
3696c08dfb21f3e3dab45a7b6a6987ca	0	0	6	0	0	0	0
e676631a75f8aa1542fd8e679b62b1b6	0	0	0	0	0	0	58
fc141db6a9dafd5d2fa70ef33f51ce07	0	0	0	3	0	0	0
1003a72e2037a34f586d48b37f07a4e0	0	0	0	0	0	0	4
7924ddca2ac62d27056e170a72d36ade	0	0	0	0	0	16	0
154c5b6e30217e218d217c2c3e595e29	0	0	0	0	0	0	5
7092286459e626a3ebc1a5bb8b959261	0	1	0	0	0	0	0
a6cc700be74b26d974643f9a7007ce38	0	1	0	0	0	0	0
7ee6d82ba940a3bf55ca612691799e87	14	0	0	0	0	57	0
d46908d25567f68824be2ddb5840efec	41	0	0	0	0	177	0
dc43b0d61bd1adcdb411144814216769	5	0	0	1	0	0	0
2d16ed4150d2e6125e74a95b0fed7076	0	0	118	0	0	0	0
f050aa6a640df3dce943e6fc8066c408	2	0	0	0	0	76	0
3991ae3f8c4b34724b231f02db2d2473	0	0	0	0	0	3	0
51b963426fcb2ac398ffd56b7f7ee80d	0	0	10	0	0	30	0
40f1f828da22b0438ae1f7bdb4632853	6	0	0	0	0	0	0
ec2e6143382fac00fd06cc5fac7418c1	0	0	0	0	0	43	0
23c23fa44f51fb4b0381ece8f0190eb9	9	0	0	0	0	0	0
12e13be09a91a0896c17dd8d36044700	3	0	0	0	0	0	0
56d927397bf4825d7dde0cb65a96e6c4	3	0	0	0	0	12	0
3672fccbb9fb8f025101484ca48c4f01	1	0	0	0	0	8	18
85bd62bbe9eab323b9fd6ce9cfddac7e	20	0	0	0	0	0	0
6021368a3050f4c8a3b655d9615db13d	19	0	0	0	0	0	0
47e9502156d0c2591f77d131ecc382eb	0	0	0	0	0	0	5
94cb44a3637de56c383f4a3a4f3af8db	0	0	15	0	0	0	0
72c69f82b7e84c73ec2853ecfc343923	0	0	0	0	0	0	28
73506eacfaa69dd58a030ec7642cc71e	0	0	0	0	0	9	0
ce9fdf3a76d79330903f305517e0cb57	0	0	0	0	0	10	21
137da5fc3311bbb63caf67f6b3a1bddc	0	0	4	0	0	7	0
e7c2b28428257b001f30838782b58b28	8	0	0	0	0	0	0
0b71e1c07de108f7ef726d27ec97d70e	0	0	0	0	0	64	0
a65fb3e5b28bccee7b29d8576e19f211	51	0	0	0	0	0	0
ae7f7f517a1a18d21c5403130cf21095	0	0	0	0	0	76	0
741ff76acc26643dd5e13b8beb5cfff2	0	0	0	1	0	0	0
c7d6a98b80bd624a91e23f250434c5ce	1	2	0	0	0	0	0
364c6df47394179ba3fa7c895b732d55	0	2	0	0	0	7	0
d960bb6605db19e948e3cacca6bc992e	0	0	7	0	0	0	0
da06176a65cf12d8c9bf7a9caff6364e	5	0	0	0	0	3	0
99c6a8e3f3dd6e7fd7f2e12ab564ff63	2	0	0	0	0	25	5
c7651337eebef959a2ba2698c1ae5f86	0	0	0	0	0	36	0
4a61293ff763c45b0931f1de93ee9ffd	0	8	0	0	0	183	0
9fca3462b2b865217243e13e10da1114	0	0	9	0	0	1188	0
f929a379db103ccd6a7497f5d7fb266b	0	0	22	0	0	0	0
9f21254f15ad4d01fb7fba974047ea7b	0	0	0	0	0	44	3
6b69fe46f3a843c49942f47cdfad8323	0	0	0	0	0	0	51
e5fbb9893ba5a6b68b9ab7ae458729eb	0	3	0	5	0	0	0
5716ea802a950d51abedc5400264007c	0	0	0	0	0	0	27
cd68d70771f2980db0b898a7a588d33d	37	0	0	0	10	17	0
17f4c7ff36b38c2d64b6c2b1ade3dbed	0	0	0	0	0	0	8
143027873f4a92051319c6259d444ee0	0	0	0	0	0	2557	0
7ec5cff4ab9a52ee19df0727093fff59	6	0	0	1	0	18	0
0b31850f451389925f3a0f2e5b53f7c0	11	0	0	0	0	0	0
6b1b3bc4befac90e7d12f44478a9c847	0	0	0	0	0	0	103
b303725c43bbb468e86ecebf3b0669f6	0	0	0	0	7	0	0
69f84b3183dfd358b61f5ac37ffc0ade	0	0	0	0	0	122	0
20d12ca5ead00f4e73c4ba2a00056397	7	0	0	0	0	0	0
78b2d43d704ddfc4a08c06e5793ef119	0	15	35	0	13	77	6
b3792c49e02d4c7e9d766f4f89dad93f	6	0	0	0	0	0	0
7483518ef14af08021318c6fabb327e1	18	3	0	3	0	0	0
dcb4d5b3d44d581b2b96b6dd841e8824	16	0	43	0	0	43	0
3b03c1be4cb2a9152ffe942e8350ecc7	0	0	0	0	0	0	13
c0ac11c82929b355933abb9caa0b1487	1	2	4	0	5	3	0
91a0ff4129d2d85ffe9f45dccb0cb9e2	4	0	0	1	0	0	0
876a8b565d10cab6e89843da3f55c929	0	0	0	0	0	0	100
d52643cff4fb0af623e164393f3073f4	0	0	9	0	0	0	0
b3c60e4ab376d9f7e3060b00fe609776	0	15	0	0	0	0	5
4df0f56ebbd07346ef4517996b9bb98e	0	0	4	0	0	0	0
bbfc37ea2cac554e4d256d7124576b81	0	0	0	0	0	45	0
0503fc93cb6a897d8f99e21a990fac09	0	0	0	0	0	1	0
9de2e9bb1bd7715b94deb056e0252915	1	0	0	0	0	0	0
50d7fac08c40d369a883af1e85fc45b1	34	39	56	316	0	19	63
269c4428fd6fd1e2c8f30a6a8e92ac0c	3	0	0	0	0	0	0
cdddc04823240381f24396e5008dae85	0	0	0	0	0	0	8
f24240617df8dd2b88b3c345a83a834b	0	0	7	0	0	0	0
022e949ea6f019858f0334a717770d66	0	0	19	0	0	9	5
f0acd586f5c1edf83f3dd2574c15fbbb	0	0	0	0	0	2	1
5f64c224b47338cbf1367561381b2f39	0	8	27	0	40	19	28
3b85087889685c46e7a7554e793b3f0f	7	0	0	0	0	0	0
0d8bcbde304fbd10693b2c1e5592a391	0	6	0	0	0	0	0
7cdb04d84adb496ac5294af96297bdfb	0	0	0	0	0	0	5
f7ca6321d12f2aaba81a6ed910d13e28	0	0	0	2	0	0	0
c75ad3ece0db00667b1428b2d5c21435	5	0	0	0	0	3	0
990ac69f31e14f3ddf1a3d52ffc8273b	260	0	4	45	0	29	33
10e60800b6d34569111d63f3b4fc1820	0	0	48	0	0	504	0
bcf56871c9b286d72098eeaf90b44211	0	0	0	0	0	2	0
8a7c759d20daba8aded41d2f60bd59ad	4	0	1	0	0	0	0
2d7297b19192603d033684b23fbe3a49	1	0	0	2	0	0	1
60d27b63db852ce0115b2a263a3686d8	0	0	228	0	0	0	0
8b37cea6a803c4995eccd3d8e1dc683c	0	0	0	0	0	1	0
7769139ab1fdc5962b0cf92150658597	6	24	6	5	0	10	0
66645baeeb6c8441449508fac20a1674	0	2	0	0	4	0	0
a6fe06cddaa6d252976477ee7950f035	0	0	0	0	0	0	193
6ebba7611e9d312755c22792e4d87901	0	5	0	0	0	0	0
a4774b84912e768037aeaa18ea5a64de	0	0	31	0	0	0	3
f5de8d027561798ea9245e7c9353dab9	3	0	0	0	0	57	0
62431fe8c870771d07236c293d49812a	0	0	0	0	0	0	153
3f3482e9fd4c91e61aa50070315cd45b	0	0	16	0	0	20	0
0d10fd1e8546abb720600a081eff2d7d	0	0	5	0	0	33	0
0503e9b111e4ff893f4697a06d0f13b0	84	7	0	0	0	0	0
118d92b651fc84b95cdbb16e4c6e5306	0	0	48	0	0	61	0
b1849cbb5a8c6b47b329a5c1e9661fb9	5	0	0	0	0	0	0
96413ee1b3d40cc6b8caf505a910bded	0	2	0	0	0	0	5
1bc5bc458aa5619de42cd082a484e49e	0	0	0	15	0	0	0
dc0cfcf0c9860d7ad76be1f382b6cb2f	0	1	0	0	6	0	0
f10a3fc606a8b6da68a813e7729c178b	35	0	0	0	0	0	0
6826bcb9373c07cb0aa978d13dc5902e	0	0	0	0	5	0	0
4b536a02c6d19409448f8ca19298a798	15	0	0	0	0	0	0
917168fe091509bc0e2210e5b8a48c0a	0	0	0	0	0	0	18
117c80e7c7a76f011affe0a66fbaed9f	0	0	104	0	0	28	2
d15a720c0cf8656079ab4cd0247641ec	1	0	0	0	0	43	0
03bad3eb9facfcc1439bdc30e2a2db1b	0	0	0	0	0	1	0
f72ebfb056fe859b48f8c384a7014fa1	0	0	0	0	0	0	7
35bb84a8465650d8c702dc690578c6d2	1	0	0	0	0	15	0
a08528cb1d130d114d29653e0307639e	0	0	4	0	0	3	0
e6b49316683e9936d0516dbe85641243	1	0	0	0	0	0	0
3e46a275b60095b267b6733b627a3d01	38	0	0	0	0	70	0
bc4a973aa19257e5a152176d223f0aef	13	0	0	0	0	0	0
946ccc886929f39b9e33650ee58241eb	0	0	0	0	0	8	0
df650e828a002c2a1ca9846519413e72	0	0	0	0	0	94	0
290b5f58187ac5df40659c4775f2dbb7	0	0	0	3	0	0	0
85066361f62e8f28f053ba38827aad90	0	0	0	0	0	18	0
dfe627281840d3b2dc20c12e338aad42	4	13	0	8	0	0	0
b893f3bacf100f23f03f3afc4660ed6e	0	6	0	0	0	11	0
1bc5fccd0608a2777f9265a15dbd8b65	0	0	0	1	0	0	0
78507c5ab26737a4f28b0520c3e6108f	114	0	0	0	0	9	0
6c0d78650c9a25c14efe31a6d6d336fe	0	0	0	0	0	9011	0
98022aa7ece143247c804d5fc98ccda1	0	0	0	0	0	0	19
7d53ddf27d2e3ac4b1657eb3ea65e8de	15	2	0	2	0	0	0
bcd3c7035260654b62183049142b66a8	2	0	0	0	0	0	0
94ce2214f02a963c1e8299feac73718f	2	0	0	0	0	0	0
82ee813c4098d16d457ad9ba7ebf7ad1	0	0	0	0	0	13	0
bea0ef8056c56dc525cd401c52a1650c	7	0	0	0	0	0	0
155866f18f19783e29aa8c65cfcf6321	0	0	0	0	0	0	2
996dce3fcc1164ce4c4e532f9eff9b6a	3	5	0	19	12	0	0
11411ac04c4c50e6eb9f83e8e8771bc7	4	0	0	0	0	0	0
d56a0ffa3d5e2ddf7945a4dcc4aef7b1	1	0	0	0	0	7	0
abc5069122d4836c055e2c4d4a0be894	5	0	0	0	0	0	0
d22d282f086c29848c66043f7c73994e	0	0	0	378	0	0	0
bc99835fb8d58ed95db6f24f226b4736	0	0	4	0	0	6	0
0248733508154c366f51b87637120c20	11	0	0	0	0	0	0
4b075824043be4871d6dbb47dcfb6655	3	0	0	9	0	0	0
707d62277401e629e54485a979ba472d	20	0	0	0	0	12	0
cbdeac4d3db32c3787ed604f6e6bfc47	6	0	0	0	0	0	0
09ba58de470317172663dd2036b35f8e	0	0	0	0	0	311	0
2503be3f3c538403e48a190797ba630f	0	0	0	0	0	0	9
143a63a4421c9c00503a9f6dcbd64130	6	0	0	0	0	0	0
ee0717c8ebca7e3e747ed6be1b3aa3e8	7	0	0	2	0	1	0
dca6d76fb78feac2e763f8b30d4784aa	0	0	0	0	0	0	1
67855f53f4b9013a4b493cb0cc103e33	0	2	0	0	0	0	31
4b215f94ecd3521a3139f217984cfff3	0	0	0	0	0	30	0
cbb95376de049ddd92a62a0bef5cae4f	0	0	0	0	0	0	5
c9048ed983c9082865c20599b72196f3	0	2	0	0	0	33	0
3f8d5e9bed130f51dff0b76f9ae6a495	5	0	0	8	0	6	0
bbfea420f4fa4e3c386c990c9434bff7	0	0	3	0	0	0	0
eeb95a1e3949c54668ab26f313340f32	4	0	0	0	0	9	0
a6d5e30d30966c37fb0673d0d6fe0a15	0	0	0	0	0	20	0
29467a237bfc450c91eed0dc7102fb35	0	3	0	0	0	0	0
963a3246ca6cd51add8b50fb8e28d31c	19	0	0	0	0	0	0
993ab50eb38fc6992c89a6958e150987	0	2	10	0	0	0	0
6232eb36b46f273e584af372784fd13e	0	0	0	0	0	0	15
2b2737b1cb3298ccdbc5ceb852407ed5	0	0	26	0	0	0	0
430de8b88df0c70d34cd5a5ce0121b05	1	0	0	0	0	0	5
66c8b10f29de274414cd8c08b5c59de5	9	0	0	0	0	0	0
61837ad9137b9b7346e77a435280de40	0	0	1	1	0	0	0
b469b31cf627fb5d33611b14d0620d1b	9	0	0	0	0	43	0
549a43460401b6b14407fa8709626ed6	0	0	20	0	0	9	0
30c9240799ebc0b35b55fda630e1a0c8	18	0	0	1	0	0	0
b7c4a87726a6eddb032133c8007c42cb	13	0	0	0	0	586	17
2d804508b1f4ef54ca9ae06d91117adf	2	0	0	0	0	0	0
0f7fc730d769fcc51dc409656b525a3b	0	0	143	0	0	0	0
8622687d6917c9af93c707044eda55db	2	0	0	0	0	9	0
fe97fd2eb3ea1a2e88899db53ae23de0	0	0	0	0	3	0	7
1238342396858487be9c0749ce8373e6	0	0	0	0	0	0	195
3c5096eaf4b34200368d427e80d835ec	0	0	0	0	0	0	5
376f7c49fee69d548894c1bafed9738a	19	0	50	0	0	38	6
c8b4c13e72ece4b4691d72a5e1cf5074	0	0	0	0	2552	0	0
0cab417458644ef8f683a4be6c5152dd	0	6	0	0	0	5	0
61928be0af4ae0c255ea648f7e733a9b	0	0	0	0	14	0	0
e9f24eb827ce22d32a77e43add8839ee	0	0	0	0	0	0	37
8f41cd6eb3beadf7e66b9e623674d8be	0	0	0	0	0	0	3
d78289151e0db634ed698bdf40d96be8	0	0	0	0	70	0	0
81684417fd0619af3236c802f0c8239f	0	16	0	0	0	0	0
7990c5d014257b8d9fa8e5a013fdc466	0	0	0	0	0	68	0
fd1743ce8f1c82409300116dcdd63868	0	6	0	0	0	0	2
c8cefd24fb7e7310fc1f63ce3df553f5	0	0	209	0	0	26	3
a829bb8ccb42c918f9f883c6149ec854	26	0	0	0	0	0	0
f719ac680efcbeac8fd2c719ef27f447	0	0	0	0	0	4	210
eac056f362370677e5c7b74984813b5a	0	0	0	0	0	90	0
1482e2a021eea7b222d5fa2a11f13d6b	0	0	0	6	0	0	4
b5b9d973e589cb56099bdc987bf6286f	0	0	0	0	0	0	15
ef3186c2a6ec476abd5e0fcbee24c615	0	0	1	0	0	3	0
ddd6ab83c9d15a0bda5e25da41b76abc	4	0	0	0	17	0	0
353e3fd3345e7229c193d5360afa618d	0	0	0	0	0	0	1317
480004806d3fc15e6da53f065fa99080	13	0	0	0	0	0	0
28335b8bf70f9341dc32f7f7c08961cc	0	0	0	8	0	0	0
bd5c6a1acd381ec63d7afa2852cd4e9f	242	12	0	1	0	457	7
49dadf1dcc327bfcd0a6530a59a009d1	14	0	0	0	0	0	0
d9806b0a9771367ec4cb2744fe9c8e2f	0	0	9	0	2	2	0
f124c6c43c0de6983090867e18439751	23	0	0	0	0	110	0
6f53900677a2926ba7ea29da65d2afe9	0	0	0	0	0	0	232
915b0925a0c080d00a5163b2aac355cb	0	0	75	0	0	0	10
5a4131a705ad803d2b76bab0eed03c7e	0	57	0	0	0	0	0
d1098495da07d35471f3a7bccc98ba79	22	0	0	0	0	5	1
5df3e5fdd6fbce1ba3c0aef1f282193c	1	0	0	0	0	0	0
92c0be08c4c29b07d50ee99c89d75613	0	0	0	1	0	0	714
fe36dc452c9203d150ca7dfee39e4e95	0	0	0	0	0	16	0
55925066b43895c6d45f3fb97c1897b6	0	0	0	1	0	0	0
9f483901c659baf70d9ad445cbdc229b	0	0	0	0	0	0	10
9c3bbf9159900819c5f2035bb0712474	0	0	374	0	0	0	0
0868cd8cac18faeb36e3213c796589de	0	0	0	0	0	56	0
fc7ed2a3fd3cf7766a3e43fd45fe5fbc	5	0	0	0	0	0	0
98d2e7c958791cc4b50a2cf2a30aed46	0	0	0	0	0	1	0
b8fb40b0176fe5432cd43eee84a53ccb	0	0	8	0	0	0	0
a16257d8d3582a557714fbbf41994145	3	0	0	0	0	0	0
6aad863f1a82675c549382cdf7677966	0	93	0	0	0	11	0
ceffa63cbab4af9860a32e628d418978	2	0	0	1	0	0	0
fb2006b7dc6caf415939dffc7ab1b73a	0	0	0	0	0	0	33
f21c949d3340110fd3d50a301e32c61a	13	0	0	0	0	0	4
055f8320b169ada15ec6f485196985b8	0	0	0	2	0	0	0
367579a64a7eb4cd9af6eb6609511980	0	0	0	0	0	0	4
f902cfff6e1884a2f9368c2f68efffd4	0	4	0	0	0	0	0
092f4acdbb0471b9bb019b90d0317470	0	5	0	0	0	80	0
5d65134160b48f3d9ee14b856aab5c8c	0	0	2	0	0	0	0
5b1296217cdd464ab5f302843f80cef8	6	0	0	9	0	0	0
ae61d0bc561f25c2bfa6a7215104591c	7	0	0	0	0	0	0
d26a3cbe346039723565fa304fc612cb	0	102	0	7	37	0	0
32170a39cef9298b67717fb6309d079b	0	0	21	0	0	0	0
c6a31b481c8aaab3a721510ccb461b98	27	0	0	0	0	0	0
16e1fa1f3acb14b7eb043489da03ba02	35	0	0	0	0	0	0
848a49ee4f768d3afcbca8031bf125e1	0	0	0	0	0	0	196
96729bf57e04243bd12f56630f1ef8ed	6	0	0	0	0	0	0
9a71aa277f7a88b140044f51f58153bf	0	0	0	0	0	0	17
cbde424b0b36ecc034a6763a69196e98	0	0	69	0	0	0	0
03f102d6c3f002752952018f1ef1de01	8	39	49	209	2	2	17
fab64f58cdaadc392dc4c786317c1886	0	0	5	0	0	0	14
198d86993db014641b820917dbf56803	0	0	0	0	0	47	0
f9992e437a172f07d2f83776da93862d	0	5	0	0	0	0	0
1dff78439cdbc97116bbe34d23cff865	0	5	0	0	0	0	9
19947a85e0b6d65f8ac41e3104c457a1	0	7	0	0	0	0	0
1ff17d8f87dafde718f6b0ca4b7b1a07	212	0	0	0	0	0	0
02eb7508443e8af9baaf59746f622b92	0	0	1	0	4	0	0
c786aea72b93a7c41a9f48fbe8b87c5c	28	0	0	0	0	0	0
3f0521ab332a7d720f7cca1c9bbef380	0	2	0	0	0	15	0
6d3f6d67de874ca89a599b277ffaa632	0	2	0	0	0	0	0
db8538d0002272f5ab1471c7a439eebc	0	0	0	0	0	2	0
e9ea7a9f2d37b18d091e29ca0597dca5	150	0	0	1	0	0	0
17206fd9140177a75511b13b8b6117e3	0	2	0	0	10	0	0
b6389cbc1d5f46d5e945e3bf641d6f4f	0	0	0	0	0	1	2
24ac2a8ee3a57f1a355ebe21ec4c5a48	0	1	0	7	0	0	2
e2f727d0f1ab1417cbc9e128cea8e4de	0	0	60	0	0	0	0
68cce81ea034cb7c53cd71a53561688d	0	18	12	0	0	14	3
8e4eeaf558e3bf196dccb97c4fb12570	0	0	0	0	0	0	7
b53f8a16ea931366eb3a9689292bda86	0	0	423	0	0	0	0
1a7c85871becfdfdf03e62af4646e403	0	0	0	2	0	0	0
700e19e02f63811f22fdf7e5f96d4e54	37	7	0	0	0	0	6
c00d549a248ec0bcf7ce5ca595781bed	0	0	35	0	0	0	0
987abc33978dfeed7ff7f8b964a5f4c9	0	0	0	0	0	4	3
bda836787bd19a0a6960c0034570565e	2	0	0	0	0	0	0
6a616cf1a963c1e4cc74e328bd1ae962	0	0	0	0	0	0	143
1c64b94f694b75f03a106e39d0a4c18b	0	0	69	0	0	0	0
3dd637be4d9b6a167fe865ca48c97805	0	0	4	0	0	0	0
8213497b1b008fdda01374764b5dd5e4	0	2587	1	0	63	0	0
45eced43e32a7eed23814d63517feeea	0	0	9	0	0	0	0
2b5d93ccbd2d4dbecdbe147b33d7068a	0	0	0	0	21	14	0
0a312e558a03ecc3b8ea2b032aa16485	12	0	0	4	0	0	4
20cbc93ee026d94c8e9d75f18cab4947	3	0	0	0	0	0	4
69457cc4f9c1ac00dedf8d1c22e87ea9	0	7	12	0	262	296	0
e61c1de9b94c32ca5d39b3cb8b368e66	0	0	22	0	0	0	0
5e7202208f4122855f95576ec7550083	0	0	5	0	0	0	10
b84e23fb82000b88c89894275e9e84b9	0	0	17	0	0	0	0
fb61ddd9e9203b2a4b33c63ed074ec8e	0	11	0	0	0	10	6
86e3399782629b7d03ba32edbf065cbe	0	0	0	0	0	0	6
6f310566f1b353e7d6aac355298024a8	0	0	0	0	0	48	0
0b422747a06d8247de45b972b50429f6	0	0	3	0	0	0	0
7f0e6df7ae13e6e6cd2f6b4f258fe06d	0	0	0	0	0	0	10
3bb6ef90d6cb34332a8118dacf0eb8f6	197	0	0	0	0	0	0
0a0b63645b9f45d9ae36cbb5bf80a1ab	0	0	7	0	0	0	8
5d207b832ff3fc89e495e1c53061da51	0	0	49	0	0	0	0
f285b9c521f59c3a6554fc8d44c17ec5	0	0	89	0	0	0	0
8ab34447e9ee751f6e527c7b7eca77cb	0	0	88	0	0	36	0
c24b90cb6dfb09c33d95327a467d5000	31	5	0	0	0	0	0
514b25bdf35df3a529dc416cbe4683c8	1022	13	9019	11	3	2713	0
f8ef89da29fd66a4b0391c883d432bf6	0	0	3	0	0	1	0
7bba541f4de2ad82a8c0ea31dc99adea	0	0	0	0	0	41	0
89bb8a7e05cc09192a9e454195b06de0	17	0	0	0	0	0	0
6062e120f341d1ba013c70f98d58ffbc	0	0	0	1	0	4	0
60c4c0d19a01792af7f0abb50080b4ca	0	0	0	0	0	0	189
358c5bb3a44735fe149f43117d6da81a	2	0	0	0	0	0	0
c096eae09fdfc790c6b666e5621c6291	0	0	27	0	0	0	0
1cc449fbc9ac179e5e07a67011cacfef	22	192	0	0	0	0	0
f010df3933a0320d1f915e871674d9f0	10	0	1	1	0	5	0
50f61b8c1ef80170e2165c26dfae4a4f	0	0	0	686	0	0	0
58af6ca87bc2c59b022b32a2bf2e3c8e	0	0	0	0	0	0	231
7bf866304ccca18bcee4f0dfd382083c	0	0	0	0	0	39	0
22d4d5ce50bcc9ba9194742df94f3ae9	0	0	0	2	0	0	0
58897d407d27784a5f05c31b205d2c6a	5	5	0	0	0	80	3
22110fb501e1789e604eed636bd6e58b	1	3	5	3	0	12	0
eae9d8a08070a4abf2217314251a6030	0	3	34	0	0	843	5
041c7e3590b01327b75fb39e5489c80a	0	0	0	0	0	468	0
89be263f2458e9ffed840850c9ead5a4	0	0	0	0	0	0	2
7fbb2676eccbb7b0510bbf29f060991b	9	0	0	0	0	11	0
57a6f9832fcbf77177b3683e90d77039	18	0	0	8	0	2	0
d96f2980524e7e08e39a941523b16071	0	0	0	0	0	0	2
a0ef9adf2c626890d956a58fc3a1e13c	55	0	0	0	0	0	0
2c5d619f551f9ab3345d521ba683f8be	0	1	0	0	0	0	2
7b077b2d279f14ad92b64bb482fd77e6	0	0	11	0	0	0	0
ce8f4cfcdfb91628140e2d6aabf20875	2	0	0	0	0	2	0
6aec40ea55e4ce894ba62cba499051d2	0	0	0	0	0	50	0
21da49dfcc7184c7cd5380fd026909b2	0	0	0	0	0	0	5
ba38a33c0005474c4015b318325d61c0	17	0	0	0	0	2	0
867597c8fe308c8d0eb1a664f6024c2f	22	0	0	0	0	0	0
99ad23d8f65cdb7c0b80157bde55db7f	0	0	0	4	0	0	1
fc9bc312b7f2939b034634af30205b17	0	0	0	60	0	0	0
b87948a9955d252ed70d866dd6853b9d	3	0	0	0	0	0	0
b9e8c83793e43544df64ba58b949eab1	0	42	0	0	0	0	0
52a983658cba5ac5194dd15d229c5e3b	0	0	0	920	2	0	0
6f22ad02621620cc4806e5fc2bf7a9a8	0	0	1	0	0	0	2
2b5b49752a4c60859c58f8bd04cee716	0	1	0	0	0	0	0
48e8b559f6951d6283b59049f4858aef	0	0	0	0	0	28	0
730b2a55221c67a43e993fb79c69cd55	0	0	0	0	0	1	0
64142701ed554684c7ab38dfbdf382d0	0	0	2	0	0	11	0
9bcaa09c6ec28eb089ad8c0db72e8eff	0	0	0	0	0	15	0
179a8b83ed2198a0e16a45e8857952a4	0	10	0	0	0	14	0
053e0e6894163b5005b7181c8779d6c2	0	0	0	3	0	9	0
f28549120baf8de60f9150980a8785ae	0	0	0	11	0	0	0
e2d2a885dc2ead6ad183b538097b5d01	72	0	0	5	0	0	0
a354bb3e987336464160fb7e5c08bc38	16	0	0	0	0	44	0
2a509c162db86f40cbcba6fdad6166fe	6	0	0	0	0	7	0
c427cd1fe7fe359bf39516d7544fab8e	0	0	0	0	0	0	5
e54cfb5486b7ac29785582a1e0b87f82	279	0	0	0	0	0	0
45ee569165e2fe81f9d6116ea49c44e8	3	0	0	0	0	0	0
f4b94ac21783cb276f5c9e84dc9ba322	0	0	0	0	0	0	1
3c884566f97efbb3d3cbe0762a597b6d	0	0	25	0	0	4	0
11a2ac3f6c6bc4a2a5306cf16783c581	212	0	0	0	0	0	0
53d058020abbf480068170f8b579fccf	0	0	2	0	0	0	0
950cd1bf86bfc4c8d6659900b328d152	0	0	0	0	0	0	1
238a1fccaf08ed0c6adbbdfe1e2edc95	0	0	0	18	0	0	0
52efb3ea3c6c058a591a10edd8fba71c	0	0	0	0	0	8	5
6903b4a1b4057469e315344067672611	0	0	18	0	0	0	0
be664854cc5a4a1b0d71b23ae2ab4e4b	0	0	0	0	0	0	145
c562f2b4451425b811cf8398bc538ac8	56	0	0	0	0	38	0
0061c1119e1e9d22fb451ba1438e5c5b	0	0	0	0	0	0	7
e3660bcf3604b6bcf7dcafe5b7d7f0ac	4	0	0	3	0	0	0
1f330917566578e412b2d806c60afa38	0	0	11	0	0	0	23
e8d0ab973fdc911d12bb4cfe05986cd2	0	0	0	0	0	0	7297
6ff4e4f7b0f35b3773c18d4369d867d3	0	0	8	0	0	0	0
3d737a6a86250677392ef9ab296d7686	1	0	0	0	0	0	0
43a1b8ae6a330a99b67751cd19093dad	0	0	2	2383	2	0	0
accf26b41df1b4ee4971a88951f6b230	5	0	0	0	0	0	0
39101c26202198c339b560863a17cb36	83	2	0	0	0	19	0
e461aa327bc20b59f9471431c06373b4	0	0	6	0	0	0	0
89b297aa5a368ed7bbd3c821b0459578	0	0	38	0	0	0	0
9e29ba2945403f12bed97ae0b311ad94	0	10	0	0	1	5	4
d9fd9d37c8c78ef1bc949fbd4be46e90	0	0	3	0	0	0	13
faf2ff685dc139fa696c426af21ad06b	2	0	0	7	0	8	0
87aeebba525d79cd4e98f710aaaf4c9c	0	0	0	2	0	0	0
f16e66db8d82e920952f818f96c81848	4	0	0	6	0	6	0
e81356b5c7e4fb9f0de7dcea38bc2030	0	0	0	0	0	23	0
50aa32f80e142cf442dbf0cb3f045961	0	0	0	2	0	0	6
01378116e1520582f2706f2b1992f9e5	5	0	0	0	0	0	0
eae4503502a59ae621086ae596573e80	72	0	0	0	0	0	0
ad5fc19f94b8c2ed4aca3decafe42b2a	0	0	0	10	0	0	8
f80b41ad0f7b25a17f90947b2eb334d9	0	0	5	0	0	0	0
5259f7d43ad0876230d4c5e22f4a472c	0	0	0	0	0	0	334
90efec9b5f9fa7e928a0331cb7bdc3c2	2	0	2	0	0	0	31
d478c664beec479acf9eafaffa2b7ccc	0	0	0	0	11	0	0
64cea8597ca66ab288f56abc68c7b410	0	0	0	0	0	0	15
d8234bb19fbcc952be6da15169577765	0	0	0	0	0	8	0
adda6e0b317efa52b79a8697f042da7d	8	0	5	0	0	0	0
d781bea779e04eaa956fd6059eb5fbb1	0	0	0	0	0	0	6
21535c3c70b13a4aa425688f55b5ceba	0	0	0	0	0	16	0
dd977fd60672d789d76c904a32517529	0	0	20	0	0	0	0
e206143656c597066d35ed4253177fa7	17	1	0	0	0	19	0
8eaddac287740f5676f63b838283a0fe	0	267	0	0	0	0	0
26326566b760ef08e3d65d0a12e92ca0	0	0	7	0	0	0	0
c5ae48b1bc138bc9c1ba40f6a598b318	0	0	2	0	0	0	3
f1631557279d36f096e701f22b817098	0	0	0	0	0	0	14
f49c68a1356b15e2fbc7238c9dae25eb	5	0	0	3	0	0	0
6b0b9eeac3ed0e37378a8c62bdcba741	0	55	0	0	0	0	64
2900c5e806d75c71972ce26a8f881c9d	0	0	0	0	0	616	0
46a2037bba4da9f5b3fd36c6fbcdb641	0	0	0	0	0	23	0
9a426e86fe070fa4ab5b845cd80c6723	0	0	0	0	0	20	0
1009e93cc249da907a965dbe768b92bc	0	0	16	0	0	0	1
35a67ea248c27f58ffece63f70a35a70	4	0	0	0	0	0	0
a13bdb251097cba5ca13869da2a10a50	5	0	0	0	0	0	0
72b917dfb71c619959acc4ffdf0a6f7f	19	0	0	2	0	0	0
76113bbee71bad42ceb42cabdc69ca22	0	0	5	0	0	0	0
84f0f9cfb96fb49b89c786afef9ba3a6	0	0	0	0	0	179	10
8b215caba2981f4401d9ee9787f11c63	0	2	0	4	23	0	0
a5252c033899dc823f93c12afe9a023e	0	0	0	0	0	0	5
bf8b39d161847f100ced094f5ffda37f	1	0	3	0	0	0	0
5558fef1a6e1b1e02c464e6eed29ea05	1	1852	9	2	0	0	0
6fce3224b80e8188cd60f405a172016a	9	0	0	0	0	0	0
ae4d3f51de633a842c89434e5021b288	2	0	0	2	0	0	4
0557102546cc6fe4ebbb71f5e879c163	0	0	0	0	0	9	31
87caef415b4b73856b2441e5e7b2b52d	0	5	0	0	0	15	0
27534e94dd191b915c474624aad730f1	0	0	8	0	0	0	0
82427b28351333630bdd820ca2ab5d83	0	0	14	0	0	0	0
2ce9e95dbbc780b98e5667af06f076a5	3	0	3	0	0	0	0
d09ebb7fc8a23511e7b90889e0da9edb	11	0	0	0	0	0	0
0bb61b6377bedd0fe18d9bb3cabb5e14	0	0	0	0	0	0	17
338c306f1f793958cb87361a6ab2fdbc	0	1	0	0	0	0	0
3e5ad6b732e86dec2f83d80f7dc34852	0	0	0	0	0	3	0
0bbde30e29204f39c937cf40bdbb27ff	0	0	2	0	0	0	495
87f48e9bb07542cc6ea1e12c68477505	133	0	209	0	0	471	0
265015e53b53f5d77606e4051d7bec8a	0	0	15	0	0	67	2
eb979063721948d787fb8537b95521f2	0	0	14	0	0	0	0
da10a414ee796edcf06c8f96ffd02cc0	0	150	0	0	0	0	0
3cedf4b84181cb56b51da69ece181482	0	0	41	0	0	0	0
b0eddb356337d2241492ef8161e018b3	48	0	0	0	0	0	0
f0c5a10e5b9c01bb320902f7ed4afe33	0	0	0	3	0	0	0
611b8a349d44f746a61a38f5862c5523	19	0	2	0	0	0	0
809fb69f819f9feb639a4d99b8cb5644	2	0	0	0	0	0	0
15111b99a11788c3f9f954812989f1e5	0	0	0	0	0	0	5
5b47fbe3fea6d9557eb635c48a86a537	0	0	0	0	0	5	0
02eaf497bced6eaeadb20291aae20597	7	0	0	0	0	0	0
6fd163980cf8d81bf28d4a720e228333	0	0	0	0	0	0	6
687a6aeb7cf34a799b1c8b75df907fd7	0	57	0	0	0	3	0
22d44b1c2ed3d5d73196001ff2595132	0	0	0	0	0	7	0
5797a95b34e3535f0635fe1cfc600770	4	0	0	0	0	127	0
e6b40cb09a6761bdc3e7b5ac55807cf8	0	0	67	0	0	0	0
8f9b8581ab2646430425323e28453119	0	0	0	0	0	41	0
3be49f7459fad10be9f8c1d7443a5bd5	0	0	0	13	0	0	0
7c3cfd8b1b84a58533a95ff4942c2027	0	32	0	0	0	0	0
bd1f211beaf864b7ee810f22cad352b3	20	0	0	3	0	0	0
6b9ad651d1b47d4e1bbd448015a334f7	0	3	0	0	0	7	0
408131f5b671758b9a6a71dbd3b0a8e3	0	0	0	0	0	112	15
30f8c606f65d1c6b1b852c03b786926f	0	0	0	0	0	0	2
ac2e102abf970ae43c240d1bcd24b11f	0	0	0	4	0	23	0
d3e3789d5fd7aa09f77b0e426894fda9	5	149	0	43	0	12	1
eb99a4f4788c7540e362a9b43435a213	0	0	0	0	0	10	0
31fa9836e1672ddf75ad449ae11bee0e	0	0	0	0	0	1	0
4cace0e54e747a929462a10a2fbb1840	0	7	2	0	0	0	0
278ea44c6e4a2d4f96d9a5680d35f753	6	0	0	0	0	0	0
217e2a5d4721a2c84469ddcb09ee76c8	0	0	0	0	0	37	35
cddb4c8e07de29284f0f96ce44ce8ab3	0	0	0	0	0	0	91
0897e47969704db45fcbc58005f6798d	3	0	0	5	0	0	0
b247b741be6cab932cf2a2d8e0db6a35	36	0	0	0	0	0	0
2776f7c74e026c10d270b9600d298e7b	0	0	0	0	0	0	2018
3dbebb48e75934c0d9fa8d03762e67f0	0	0	12	0	0	0	0
e183b1f1ebae03b4778519dd0bb26a21	1	19	13	3	45	46	8
5fce5f0b09afca34faf649d106601ebd	277	0	0	0	0	0	0
e18a3f99d240a717fa9393f9dd5862d5	6	0	0	0	0	194	1
354bc02bd6792ca33e28bb21b3d95c52	11	0	3	0	3526	34	0
9086002ac21a0f5808d29212b9fcaad3	0	2	0	0	0	0	4
821f89305fc50498c3a5713e0369ad33	3	0	0	0	0	28	0
cf3ffea9df01cd809d8ee9c0f45a129b	0	2	0	0	0	12	0
e9456ea515f665e31b801c7afd3ccba6	19	0	0	0	0	21	0
70674395a2ed12862f80af8dbbf9bf37	0	0	0	0	0	362	1
6c20062183052647c6aa429e620a5148	52	0	0	0	0	0	0
06f69079f594d4a33741f2dd3ccf9968	1	7	0	0	0	0	0
4dc5e996cd56f307dcd5a39c771e9951	0	0	0	0	0	0	2
251f5a90fcaf0f930cfae3a2372e2ca0	0	0	0	0	0	14	2
14cb568769685087085ff4e746f78f06	0	0	0	1	0	18	2
12f1b269a4490f461a7a39bfa46100c8	2	0	0	0	0	0	0
b207df88aa66d644b5d8c6dbe7ebb68a	0	0	2	0	3	0	0
f82528fbd9c9466ce133f06b9ebef44c	0	0	0	0	0	17	0
23fca4b608f2341b9b3f2a2987fbeb9a	4	0	3	0	0	0	0
786f55edd4dd30313de1d859c2f0c220	0	0	13	0	0	0	0
4fde27b14669d990734d449c1062e60d	12	0	0	0	0	0	0
6a1cd65ad25cf068ba453daf854dbe86	14	0	0	0	0	0	0
4b612ad2dc832e5f3486eecbd821b67c	0	11	0	0	0	0	0
96e0b3f21c8d8f91d0668771e94107a1	0	0	0	0	9	10	0
2302372a764cbf047cbd90b4b3e61cbf	4	1	2	0	0	0	0
6f0d8fac127fcff3a4a4168f389e46ee	0	0	0	0	0	18	0
5379b8d8da06b34c4a04494bbfd3db53	1	0	0	0	0	0	0
dce4201f64d87884bd718f4879991fd4	0	70	0	0	24	0	115
bf788f35a7bb1fc0b1e24af70ef1eb4e	3	0	0	0	0	0	0
cc0602e47b190c24e9aa449cee6dd9aa	0	0	0	0	0	23	9
950eff8f3635a00cc3fe362415e573e3	21	0	0	0	0	0	0
b6bf0cee74acdb1ce2bd0b5a9100c714	0	22	0	0	0	0	28
978abd1e33e3b62e4f8706a7bb3110a4	12	0	0	0	0	0	0
253640d0348adb6f8a2152cdbb154c3f	4	0	0	0	0	0	4
1a4f9a280d4b9ee697ea152068696cbb	0	0	0	3	0	0	0
3192f852ee3ab63b3f49c2661de607ea	0	4	0	0	0	0	2
79f2cedc495a11a40751b724bc88ac96	0	0	0	0	0	0	24
66cdcf42bfb27e727c5bb4d6676105c4	39	0	0	0	0	0	0
3ad0f3b1904cdca5bd8692f05cb3cc55	0	15	0	0	0	1118	0
22bbdf20281075d2e31459ecca1c9301	0	0	0	2	0	0	0
6a875b034152a44d70bf711e1a711b22	0	0	0	0	0	49	0
0cc1a0ab92b02c407d3f5b6433fcdc65	0	0	61	0	0	0	36
afb853d8ec676b2092d5002d509f4712	0	0	15	0	0	0	0
b6f48f748e77a22dd62c3357f3813c40	2	0	0	0	0	0	0
5ca1df251d14ae551a83096b756ef5a7	0	0	2	0	0	7	0
7d23aae00d4307caaea9ff13a2aaffd3	4	10	0	16	0	0	0
4b2732740dda0768169e9f32809d8c37	0	31	0	0	0	4	0
7eeff27ae8385cc2fa135cb032813b3a	0	0	83	0	0	35	0
3b554575503768576c3f3c61f5d3311d	8	0	0	0	0	69	0
769267a2ca427787d859dae0aaf424e4	0	0	0	1	0	0	0
186b61fc69ae89f931cecfb0642ca1ba	0	3	0	0	0	61	0
0bfe54dc64dca6b32499120187367c1a	0	0	0	0	0	2	0
829b02cfba0093ce194d135604403156	2	3	0	1	7	1	0
451e65f9082a2865d52f5c7c382c797e	1000	0	0	3	0	0	0
3e232ee55127ade5c6a7d78aaaa986fb	0	0	0	0	0	0	3584
e2741ba0a511c267e743da3631dc12a0	0	0	701	0	2	0	0
ec7921196bb062ceaaa59cd7298a5075	1	0	0	4	0	0	111
8ad7169ef95916d6ccdb3d0f1cd5414c	0	0	0	0	0	2	2
fb51af57e5b5859910d04184ae967898	143	0	12	31	0	6	37
d010a7ee94657319fe97e91a16f2bc7a	0	0	0	5	0	0	0
47de278ee9c285c84218fed6f7ee532f	13	0	0	0	0	0	0
66bc821c7f32384dd02d7a62552630d8	0	0	0	0	0	0	9
7d52f991c8d8642221574984e2f27c26	3	0	0	0	0	2	0
c51885c5095d35747e30db8be756bbde	0	0	0	5	0	0	0
6fac2e18ce195521af718aa754b0361f	0	0	0	0	0	0	3
c1f8babba7274859c253026f5bca7e16	0	68	0	0	0	4	0
67648119e04f5484af0b67c04d114ced	0	0	0	0	0	16	0
426bedf3800cc17f0a82e7694ea86011	0	0	0	0	0	29	9
a71c9cfe00964f16f69e9ecf9062ccd4	1	0	0	0	0	13	0
788c972c99f21280999ddc89ea484abe	0	0	0	3	0	0	0
da46f12cc0cfd491fb5c0cbc2a10c098	0	0	0	0	0	0	2
5296741a678bb972de5856dd0c5d623a	0	0	0	0	0	0	29
ed87d862a6fc84e0b1691d92d384a651	0	0	0	0	15	0	0
20b9c6464898bb1d8125523ff18d6e8e	269	0	699	0	0	418	0
3f81a93af715f97712460d5e537613f8	14	0	0	1	0	0	0
46c6719742b50ce520436d06b02e283a	11	0	0	0	0	0	5
33822488bfd0382aa8e928cc09fb95b7	0	5	0	0	0	118	142
1d7a5f78060fcf9ffdd501f1fdd69a04	0	0	9	0	0	0	0
dce862f15b457383f142683be8fff8cd	0	5	0	0	0	43	0
6ed4edb3fcc08840ff0877e7da0fb98f	0	0	0	0	0	11	0
80bfae9ff77d350f93d36957175e49c6	0	0	22	0	0	29	0
2b0540ec767f1393ec18b26e93ab9fdb	0	0	0	1	0	0	3
cb41e3d660aef07d2333fcb67307d01d	0	0	0	16	0	0	0
1d0d8a617e55a5ac2e44085a9554e7e9	0	0	2	0	0	3	0
7ffafc81d9eaf9172fd801faeebdb7e4	0	0	0	0	0	0	5
b7291ba2ded16aa57efceb01e1e5a5a3	0	0	2	0	0	0	0
5311c2558c3b2397a2a4457a1b8d891f	17	0	0	0	0	8	0
e1ba491334c828e8703e9ffea73fe3b2	13	0	0	0	0	0	0
9cca032f8c540dadcac82943d867940f	0	0	0	0	0	7	2
721e4da19cbc14b6daaaa3994c4ada05	0	0	20	0	0	0	0
4f438ca082145569aad0fe047ecdb504	0	0	0	0	0	0	2
9a834057130536c2291c6f8c196680cd	0	4	0	0	0	0	0
e18ce7282dd60c5df16bec4a54a44eee	0	0	4	0	0	12	0
62c245c67309a7a5c3bf4006ba7512fa	0	0	0	0	0	59	0
ab7814833b75463571419d4ffb79a3f7	0	0	11	45	0	0	0
3bda46fd4c7bf5c661ca7ab75b282d72	11260	28	7	0	0	93	0
58a103b7c3d2a381d9c55243e1261347	0	0	0	0	0	21	0
1bc8abdddb59e9c9a6e262e6eb40aa00	2	0	0	0	17	30	0
8ccf93cafbd2db483cbb55d0d1624778	0	6	0	0	0	0	0
d0b0c34afec4ed50463c8473a2194838	0	0	0	0	0	5	0
9dd7b1c41b34816592f655b07cbce7fb	48	0	0	0	0	2	0
e072da3686e1a13d1b9e0e6b3830a8a0	11	0	0	0	0	0	0
a111b87ecb1380d3259f91e5129c13f3	2	0	0	0	0	0	0
94991ee0e334ddd1ee52ffda722120f6	0	0	0	1	0	0	0
507e6ef657efeaeca524bf99b5f6160f	0	0	0	0	0	6	4
53ffd78efb65d7ab004bc4ddb08d8140	0	0	0	0	0	1919	0
4e8fb268b029a306cb006d8d316ea308	0	0	12	0	0	0	0
718b4007cc491bfbf2e5278218f52ce2	10	0	0	0	0	0	0
954a9784391ddab9b951362777ad5a51	74	0	13	2	0	60	0
e1b389b146dd457fe5fb021a01f7005a	0	0	34	0	0	0	0
d76ad589fbe516646764fd1d6874a5b4	0	0	0	0	0	22	0
31521bc780ab19a770f363afb2e4224f	0	0	0	0	0	3	0
c8da1b373935f07f54b951ed247cb0a0	0	0	0	0	0	24	0
c9bbd0de07a0ec9b62b7ed8e22068b43	0	304	0	0	0	0	0
3370d0585bf0f7b7fa197dbc33df87ed	0	0	273	0	0	0	0
d4d1055bb9b96e0f72f8fd7bc51b758b	0	0	0	2	0	0	3
f8d592e223b6c02859b9d3927c0b70c2	0	0	0	0	0	208	0
f0db49bf30fc505601ce69eea85b2ab1	0	0	0	0	54	0	0
81317e6b28697d84b2b77c191d14e163	0	0	0	0	0	22	0
1218581dcc6bd62a1a0b59d90bbe34e7	0	6	0	0	0	0	0
93c615b833af56bb67c03f9636c5258e	3	0	105	0	0	34	0
51a7d4e60440372065ce5f264761b9b5	29	0	0	0	0	35	0
617ff504158e64eef6724cd191477571	0	0	0	2	0	4	0
3a90e67e79bd4b85de25600aabd706ff	0	0	0	0	0	13	0
5e62b0d144371046912cbcdbe39b22be	0	11	0	0	0	4	0
bda078edb4d489198a09a019f8f39e93	0	0	0	0	0	0	9
7c77b5977c3ec54db0162375b2755d42	0	0	8	0	0	0	0
05aefddaa2ef4f738f8f337a001b6cda	0	0	0	0	0	54	0
960a569a253ada2f4161d98425ab0e60	0	0	0	0	0	49	0
8fc32fcd2563811412d861f5282eeedd	0	0	0	0	0	4	8
ab2a83608e835867033f088bb67ab848	0	0	0	8	0	0	0
51f49ce1955588521a3c44689b926e69	0	0	0	2	0	0	0
776b368b0211b004f4a5af33a3fb6feb	0	0	10	2	0	1	0
d8655ae5b37316ac90cb6d68c99c8231	0	0	87	0	0	0	0
f9e0c24ac1ca4c90ab2dac088753a2f1	4	0	0	0	0	207	0
88d40d83bfeaf26369ef0b527bd2760a	10	0	0	0	0	0	0
b6a22a7244d8529703926fa2512c9061	3	0	0	38	0	0	10
a592454a411b412bc9bbbb5948b3ec56	0	3	0	4	0	0	0
3b83c7d0be09827943ff22c4c9d6e9ca	1	0	0	0	0	0	2
e11467efed345f065af77b87484ae764	0	161	0	0	0	0	0
146b7485dc69893ca779e84e4c450e74	3	0	2	0	0	0	0
66f6af21b5d7dc9750b4b524b53820bf	0	2	0	0	0	0	0
bab459e4cb13fda134656f04fbfc1ac6	2	0	0	0	0	0	0
fae6516aaca4676f8eab9b9fcbd7b91e	0	0	43	0	0	68	0
3c1cfea823fa195193cabab75af42625	0	0	0	0	0	158	0
49540b30ca7a7a6565acf726d515bd95	2	0	11	0	0	3	0
6a3b713966f0ab1c4966857a0f53cbb7	4	0	0	0	0	0	0
0c2f22b76c15b90f3831e576aac048f7	2	0	0	0	0	0	0
9f1d9c6e4932b4940fc9e84250b5f09b	0	0	46	0	0	0	0
69a249316b63c9b08f6d1ce0ce1277fd	0	0	0	0	0	0	34
af0768141ae583c8a36991c9fd120df8	0	0	152	0	0	0	0
13fb9f505155a146b2ba043afe891b1c	1	0	0	0	0	0	0
7a5ad7d501985047babe9846d2329608	0	141	0	0	0	7	0
a772ebddda38c7d92d54dc0e6ddffee9	0	0	0	0	0	11	25
4ac37364493cce319bff1f45d747a490	53	0	0	0	0	0	0
25a032428a1c2913bd991cbaf63a7b71	0	0	0	0	3	0	0
51dd444a368d8ec0f2b6e44545bed1bf	0	0	0	0	0	121	0
088b7e7e55583a9d3df5b34f543876e3	33	3	0	0	0	7	0
0e5610d3c976c4e8870dc75d7c7852b7	0	0	0	0	0	0	8
f6aec28c5a8f85f7334c97a32ead5f59	0	0	0	0	0	171	0
6653a1a66494456754d2f4e5f9f3a17f	0	0	0	0	0	8	0
357d7485693ea7153d0b010c8c5e7ba3	0	0	0	0	0	0	18
a5a52e0b680046eb13e7745cb70f400c	35	0	78	0	0	34	0
57ee52bfa3cc7a703ec4eff30cc2cdf4	0	23	0	0	0	0	0
d7f60c3da4f1148d1072f17c61db59ab	19	0	0	0	0	0	0
407a7a3d209ee34733db20a32c045141	0	0	0	0	0	0	26
8785b0216706374514e0563558539828	0	0	0	0	0	0	50
1401a6622ff9d517cbb04f296a55257a	219	0	3526	3	0	634	16
d69e4f7458bb2bf4d22cac1260abb5f4	0	0	0	0	0	0	42
7f30c56f6dd67f35b4958e942e37dd64	0	0	15	0	0	0	0
a898ff6f5925f5d1fbf0dbfc3a9c8436	0	0	9	0	0	0	0
eea37bfcfd67fb4ed43b6194f08b2e7b	2	0	0	0	0	0	0
d78c5b3eeb007f5d6b3ac35330a103b8	12	0	219	0	0	61	0
79d7e7b4a51626f8651021e0dcaf8c9a	13	0	0	0	0	0	0
f758e0a577990162c7ed2f626adb7218	0	0	0	6	0	0	0
55d926344951b265d22dcfd330728d9d	0	0	7	0	0	0	0
7378ef879a080e2d6fc28218d2d766e4	0	0	0	0	0	0	7
792fe34dd6d9b19a12c360c5b99d5dea	0	0	0	0	0	45	1
a04b652be3478726c0bb69f96247a6d3	0	0	0	0	0	0	10
408c9781655514ca8d5ff2a675011014	0	0	2	0	0	0	0
9f2dcf506c0b8fe319680625930455ac	22	0	22	0	17	191	4
f2635db429532a673e66cf33ee89a64b	0	4	0	0	0	11	0
c7c076973c2331fb4fa2064f71cc2269	0	0	8	0	0	0	0
2cff52c17d6c95c5ae0522ae74c3f698	0	0	0	0	0	324	0
54e2c0e1a30be07650e85dbd869b4112	0	0	0	0	0	11	16
0d8fabe4e884f0b4b4829e2d102629ed	0	0	2	0	0	0	0
4bbb4734e068a4c38995924b911806ad	0	0	0	0	0	0	7
45ad90c811a913ccf9445d91f336ee0a	0	0	0	0	0	6	2
c5c374cb96973dd68bb67cbf313c6b05	0	0	0	1	0	0	448
c8481515ef7f1f5bd449fb4170e6d587	0	0	0	0	0	45	0
45ccc131dfa86a18ef277c3927168392	3	0	0	0	0	0	0
5302889f2ef154ff4987f8a0fd6cc2c3	0	6	8	0	0	15	13
86c5e1fe408ff2b83787dab8f938c580	9	0	0	0	0	0	0
cb7b52a708719a5aa6ca935c55c9ba92	3	0	0	0	0	4	0
8f7d4960f2dbc6484c085bb8e1377159	5	0	0	0	0	12	0
5ed17fb8c4245c1ae6321cb830e4a6c8	0	0	0	0	0	196	0
770a35f4e077464c1e007a960e8def0a	0	0	0	671	0	0	0
ea8684fd3d2c55851df49a2d3112b8ed	0	0	37	0	0	0	0
d2e657f39e9913d29a6ba13a884e6724	3	0	0	0	0	0	0
3fa4e75beedf792b71b076d779bebf15	0	4	0	0	0	2	4
aadca31ac9474b89330db29abc4cc7d7	0	7	2	0	0	13	1
e79bc0603dccd9631833987abb66effd	0	0	0	560	0	0	0
54b27439e01490c709b9f2abfd5fbcad	45	0	0	0	0	0	0
03ee226150e4598659ba4e21c8870471	0	0	29	0	0	0	0
0552007814045eac6e826cbdc4787719	10	0	0	4	0	0	0
a47a193d2b3a5448427452defe1b6839	2	0	0	0	0	0	1
ff8097069ddf753591aef906d0da859a	0	0	3	0	0	0	0
8a6a2b39210b186755af92bef4e450d7	0	0	5	1	0	0	0
749bba49b4e4ff42f55bbd21756c9c29	0	7	13	0	0	90	0
6dfc662a3d985471e4faec5effc3f784	0	0	5	0	0	0	0
75e03ef08e6a6fed9a567c048597c41b	0	0	0	0	0	0	103
3d1ed86c98c0ba40a1c4c3d87321e956	2	0	0	0	0	0	0
31aa07b818f79535d31fed8e1dcaf413	0	0	11	0	0	0	0
529006da566b502d6026ee9f3fb2d0fd	14	0	0	0	0	0	0
6a158a29885d2c2a57f551af66b52840	0	0	0	0	126	0	0
33eaf9f0856f7accd4352dd484f33837	0	0	36	0	0	0	0
6049e32c8115a9fe06ace4f5f85c5a49	9	0	0	0	0	0	2
a47080068d463db6c808f001427ed528	0	0	0	0	9	14	0
7d44e1293eeb063930c975a6f02a1407	0	0	0	0	0	35	8
0197cae3b925431d78d2778761f074be	3	0	0	14	0	0	0
76b1fbda321881f5916e2985bd06e0c0	9	0	0	0	0	0	0
841d33416c86a924e3bbe2459f9fe904	0	0	0	0	0	5	0
4a18c992d602abd18d91f26941490e2a	5	0	0	0	0	0	0
cee36e0c1cb3ea4600255ecd8454b981	0	0	5	0	0	0	0
28bab578380c548b006902075436c48f	0	0	63	0	0	0	0
fe0eb6ea6fb73eabb6df77fa929b9acf	0	0	0	0	0	25	2
2252ffb153c936a9ac14354e882333b5	9	0	0	5	0	0	0
21e16040e69429ad4f74c872d50153e4	2	0	0	0	0	0	0
54ee144a41c459dce7a101d81bfe054a	0	0	86	0	0	29	0
22b83713207882c7504f42e4af748bb1	0	0	0	0	0	359	0
da82292f5f62097b104d1380f3fd878f	0	0	2	0	0	4	1
277ea03b7b754b6675f0b31f96e2dcae	0	2	0	0	0	4	0
aa7fb205971ce3a13ae698634b72c240	0	0	4	0	0	0	0
7fb904733832a300597f1306e2e0d63d	0	0	0	0	0	0	3
dc697028a232e2f7e6c769348ffae759	16	0	0	0	0	0	0
603ee0aa163163788fc5553d1722d8c5	3	0	0	0	0	0	3
0029510271c62d2830ff55d10d884b75	0	0	24	0	0	0	23
99b6bc05ff3984bf6e48281f81408d3d	0	0	0	0	13	0	0
7095b6e82dc9c16aab4ed6891e2f77ee	0	5	0	0	0	1	0
6f6a6a79c3253edf34fac7bec03aeb48	0	0	0	0	0	0	17
83ec05c658e8663bb20e11965a2aa225	0	0	0	0	0	0	6
5576e04910f98c850eac12cfe05e058b	0	0	0	2	0	0	5
07c0f57c55aa9e901020c29559c53b55	0	0	20	0	0	15	0
00b12eb62c84f2436efe8191516caec5	3	0	0	0	0	15	1
a3a7beae9d5ba490a82f6a5993cb3e20	0	22	122	0	0	189	28
d51ab12c8bd138bfa2158011c083580c	3	0	0	0	0	0	0
cf5018718bc658cccd181b7332e2be35	53	0	0	0	0	0	0
bc98feb69352a4d5a3413855f853bed2	0	0	0	0	0	25	0
61af726cc2be24a5f6a375b953ee9360	3	0	0	4	0	0	0
b230e6bef71e17bdb76b816aa83a7b39	30	0	0	0	0	0	0
69b7eae4c45e204a5091c7cbd1c3b114	0	0	0	0	0	50	0
28c1f7d22db651086b5181a584d678fd	32	0	0	0	0	0	0
391836e3e171490864cf71fc2d121da8	2	0	0	0	0	0	0
3f4dcbbf0368b875e30c7e1c200d3a0b	3	33	0	1	0	0	0
2f4adf6424ecf20372efc969f31d30cb	2	0	2	0	0	0	2
96489170c9986f341480460981abb691	0	0	0	0	0	28	0
c0c746ff951a2a09ba6f188eb313aa6f	0	0	0	0	0	0	14
5ceb8e7b1104a6ac2a87111458b7050c	2	0	0	1	0	0	0
0ee740d1a769c2f485de4fc9a27f5085	4	0	0	0	0	0	0
7dfdc8984250528a17739513007ae66f	0	25	0	0	0	0	0
8ca55fcd481ad6dc85eb9a6ecd0471cd	3	0	0	0	0	0	0
0a06dff7f533e7d38813485df043f4da	21	0	0	0	0	10	2
90fefaf9685f194b910830d7fcd57bfa	26	0	0	0	0	0	0
d820e6549641494905f0608f73ca9874	3	0	0	0	0	19	0
e262ff5394d42f111cc18b4f3e7ef375	0	0	10	0	0	0	2
67c928390d7ee492e7d49769854307a8	42	0	3	0	0	42	32
fed1486a0d94915d24291cfd86c1114c	0	0	9	0	0	0	0
f5e16e25d12811baebf49a47c58da0e6	0	0	18	0	0	0	0
3ce4ff3f6c787104cd2abda6ddc138bd	0	4	0	0	0	0	0
c04d44238c99aec28000b2bef02c10ad	17	0	0	0	0	10	0
eaa8b685ff4be028d5480a60d5a9f5f8	0	0	0	4	0	0	0
05e7fe476c11983fe77bd86a40afe402	24	0	0	0	0	7	0
4570e3258432e35ef75bb18ed5b31e53	0	0	8	0	0	0	0
4573d7fc17a3de74f747b1929f41cf6a	0	58	0	0	0	0	0
07f672336e87d8871739b0789e824045	0	0	0	3	0	0	2
2504fd09c977ea12f5faf7d83fca16e2	7	0	0	0	0	67	0
b2b4e8f330c78c773470d92d3d6c172b	0	0	0	0	0	0	8
bbe8b9f5221985835f310ca64b477e4c	7	0	0	0	0	150	0
19bcc98392613f6b50bf59e3091904ca	23	0	0	0	0	0	0
b164fca2d78708eb3e1c55b79ed9f624	0	0	0	4	0	0	0
e3089b5b2805f36e2e3242c376e35068	0	12	0	0	0	0	14
ccd2d4ef94ab638e42f3eed9f5b5e16a	0	0	17	0	0	0	0
7834e7ce5f4ce5e13a2ad38fe0407a56	1	0	0	0	0	0	0
26b2e3a59d6f35c7c7d98e46a68c39dc	0	0	0	0	0	0	5
e3566c41c3601937b63b856028153686	0	0	0	0	0	0	14
143d7ea009648038dfef2345d40d52bb	0	0	0	1	0	0	0
3e24a94c37bd1c4ee998a8cb7e73ce32	3	0	0	0	0	0	6
8a7c07cd4a9064934c6555da455ad090	0	0	0	1	0	0	0
be9628c1735421d6abaef470a2f2b43f	0	0	0	1	0	0	5
9cbbd9ace77e390ecdd7a382b0f0f131	0	276	0	0	0	0	0
255cf50a5772cfcd8c9d47681b37cdcf	0	0	0	0	0	0	15
3051f0341fd8aae1a2eb7762de228be7	0	0	10	0	0	0	0
c4c43b1e1aca1b90e2626b56b146c495	0	0	5	0	0	19	0
5e7b32d4f1d4cecf3e7ca8145aa56a06	0	0	6	0	0	14	11
104585800c70bf26fcf2f8964f5cf2c9	5	0	0	0	0	0	0
ccf51e1458b2c9b56d0af1dfcc70bc19	0	8	0	0	0	0	0
8fef0c90726ad885d13852063f1614a0	10	0	0	2	0	0	0
f422e2a79517d42b9074a87cb3b48e0a	0	0	15	0	0	0	0
cc8425432bd5f253328bd337b1a39840	0	2	0	0	0	47	0
1315796b800d10be9dc8541fb0ce3577	2	0	0	2	0	0	0
7a87301abfd1703ab2d298a3b853a339	0	0	5	0	0	0	0
fcf3ce9f24547563302f4a5ed95e1684	2	0	0	0	0	9	0
cc250618336b17f7cfe2e33cc1ba6ce3	11	0	0	0	0	0	0
678d7b9f38e4551c080d04c020478895	1	0	0	0	0	0	0
aeae52c8bd577f4f8e840ea50b8b95dc	0	3	0	0	0	0	1
c738367eb9ddae8ccc8c190726682e0c	0	0	0	0	0	15	0
d63182c0d2df2aa3ee97b6c2bb53cf34	0	0	0	0	0	0	7
5eaeb98ddc14abe3c6647ed4a02c32be	0	2	0	0	162	0	0
5b7f37c26646efd07668885de373c7e5	0	0	0	0	0	0	13
74aeab3f89f7a583b3578baf1784bec4	7	0	0	0	0	0	0
290a1f4886904ac80017ca3f6a4b2bbe	0	0	0	0	0	0	8
d429a7a6cae59f6dc4799d781fea2243	0	4	41	0	0	41	0
92e4ce597dea79a23047ff031778bfc3	38	0	25	0	0	32	0
18fc86cc0dd246e27ec2799904cb314d	0	0	0	0	0	0	89
0960f7fa369c6dd2bc64cae29357ac4a	0	0	0	0	0	0	6
38bc12b85988269f10be17d501923a33	0	2	0	0	0	0	0
badca8366e362c44068b16153276e77f	24	0	0	1	0	0	0
63f0511490777aad39432c8dd1e06ba6	0	0	7	0	0	0	0
a2cce18a870263c1a320e92271fa84d7	54	0	0	0	0	0	0
9abb90cd3395978f85b2666b76cbd0e7	5	0	0	0	0	0	0
128f6128565e58b4e8fe0dc867eb5d46	0	0	0	0	0	0	180
6c2b82bf12ca890f8985b88b3dafcb49	0	10	0	0	11	0	0
e93c7f02f7ebecd7ec962459b844771b	222	0	0	0	0	0	0
a2374893445c10dcbc70cec8b5fee952	61	0	0	0	0	5	0
a7cb81a14bef64f9831c50839d9caff9	10	5	0	1	25	0	31
c19effa63d01ee7a39886f040da1e652	0	110	0	0	0	215	0
5a0b6a6ff602efd9354b8af56405585d	0	4	0	0	0	0	2
07035069f8f26b0b00b6831d4d108834	18	0	0	0	0	0	0
6278a7ae96acb7abe2dda2c25cbd7e1e	0	0	0	0	0	0	7
19232aba1d41f897d22cb214715aca64	0	0	7	0	0	0	0
86749a348d1dfb65dbca73f78c5b7363	0	0	0	0	0	116	0
edd2126e6e4c813ef5de9eca64d72819	0	0	31	0	0	29	0
ab57f9b8cf33695ddeb397a024bd031e	0	55	0	0	0	0	69
5aa3f9094ea4c0282f947ed7fdb61f30	0	0	27	0	0	0	0
7f492245762ebf05ee86b1b29b621814	0	0	28	0	0	0	0
e16d6794f6d8a5a4ea1604fa659c1b3a	13	0	0	1	0	0	0
049cca067a35ef8874d3e042bfdbd661	0	0	0	0	0	167	0
468f7b3a4286b7f270923a0b44d48c18	0	0	0	0	0	0	2
ec8535d52c81361a038e0933b6aa01bf	0	0	0	0	0	44	0
ab80d96c699ce5cf551598f4662d1161	0	0	0	0	0	0	29
a1afb2507df3fdb96a69cb7070e8ac77	0	5	0	5	0	0	0
e56a94c6173473fd84bc12dec523d1b6	0	0	56	0	0	314	76
85f4ca5eb467dc1da82c93365450e386	2	0	0	0	0	22	0
e33c9bf07c5d3e4bce1951d8ffb56ba1	0	43	0	0	0	153	0
b6ff5948767a77434e7ca187bad4ad02	12	3	20	0	0	25	0
43f5c9dcfe1f8e8063cb8159f90dcdb5	0	0	0	0	0	0	4
c7395b3fb1ed3d04939e6268f69ebe12	2	0	0	2	0	0	0
2dac800a45c833f2685c414e323c72a5	0	0	0	0	0	6	0
b26fb2fd5e31e9d9e475a5ad62857dcf	0	0	0	0	0	7	0
edb67e2e7290a79bed828a294dcc2ef3	196	0	12	0	0	1425	0
a15dadd42b6a6e04464e0465830ba0da	0	0	5	0	0	0	4
706309dba8a23420b9b8f6c66a82cb3b	0	0	0	0	0	0	4
638a258b7464432c9711d6fea2e2b3c5	0	0	5	0	0	4	0
1cbf23303640f7a86d4019012ed871b6	0	0	31	0	0	0	0
0cf859d954dd1138cfcdba0cdcd33fe8	0	2	0	0	0	1174	3
fadd935e36b9c4bb370074e7f7a61338	4	0	0	0	0	0	0
08acf99c6734c2a34d6e3dd86adff551	0	0	0	0	0	0	5841
31b68e57c22dccd0083bd27a5f40c28e	0	0	0	0	0	220	0
6f0b8c9b73f72cda044e8c6c160f841b	0	344	0	0	0	0	0
02c347921e2c13ae5db37f87c73eb524	0	0	0	0	0	45	0
775425f0e420847db1e26682a7bff9a1	0	0	0	0	0	0	92
163998a476f606e691694c0271809a9c	0	9	0	0	17	0	0
fc68f4ab571c0366eb6ca47a741a810e	0	22	0	0	0	0	0
34f1fed5fea06c21fc6f863a6d90e820	11	0	46	0	0	21	0
91fba00d11fd8ae40990f892cf8b6cb0	0	0	0	0	0	0	13
dfa1bd8dc96798979568e70fe20d1fe7	19	0	0	1	0	0	0
40cdfb97c4f21ccc8b269eff1607753b	1	0	0	0	0	0	0
566ad92f0e8781b6133bd20a9f34f490	0	0	0	0	0	0	37
380f728688c0df0e24d675e00c3b19b8	87	0	0	0	0	0	0
ff5d162f8ee0a619949b07f4d162adc8	0	0	2	0	0	25	0
0edbbaa6822c59bb1c69f6ec38beba5a	0	0	9	0	0	0	0
e93b90bdb3b48345e9f293c956377506	0	0	6	0	0	0	0
ebd3208c984a321739efd8d0cde011c8	0	0	0	0	0	17	0
0cb7d58da21a01dcbff900bee652f3e4	0	0	0	0	0	12	0
83badf018d87ad6e7a1468a1ca61aa62	0	0	4	0	0	0	0
b54ebd52c37677c943b2414d5530516e	0	0	0	0	0	0	7
ffb108657dd98c4143ba9b65a9adf099	0	0	847	2	0	0	0
89a77908c88c9e19c9a14f572e73e518	0	0	10	0	0	0	0
bdf61c6f8733ea6af6b4476e2dbac664	0	3	0	0	0	0	3
64978d88eec961fa6092cf3ffb73c437	8	0	0	0	0	2	0
668c1395f17253684e145941adf40b5e	4	0	0	0	0	0	0
cbcc91d1b521274ac71550bdbcc3a221	0	0	0	0	0	18	0
155ed58ea49ebd7b5831a77789038955	0	0	0	0	0	27	0
511e80b579e377ff533e663886abfd60	0	0	3	0	0	0	0
aa3beeb990435a06b58f1a8dd2a9a103	0	0	0	0	0	0	4
4acfcb93ec318f163b4cc8445b6fdc75	0	0	0	0	0	218	3
8f68b84c438dd2817f7b6b23315bc419	0	0	0	0	0	0	15
421ba43cd6cb019356556a55b7d596b0	0	0	0	0	0	39	0
669c1a99077cc1663e334756e58688e8	106	0	0	0	0	6	0
e9a090b9c32d0623674e0f6fe26cba3c	16	0	0	0	0	0	0
71b4b31376131eb39ac4cb5db511ea08	0	0	7	0	0	10	2
ea92b7d0c8404c4a655d82c2d40de78f	0	0	17	0	0	0	0
c6e9c3d2580d7aa688c804429f5cb14b	1	0	0	0	0	0	0
b0d34358f6ca1fd16820d18a690c3a31	0	0	0	0	0	0	32
e63757cb48321d3043fdfc9343cb0445	0	2	5	5	0	0	0
8e48e44116b30a18d35ad6a575b39bcf	4	0	0	1	0	0	0
bc54f0d9b2d9d6965d12e3257d62956e	0	2	0	0	0	0	0
4b3a7bec683b55ce926b0e66b65d92d3	0	0	0	2	0	0	7
a7a8c3c42a4c7599234771040458a595	3	0	0	6	2	8	7
99347b56d1bc48664cbf682bfee5c3b3	0	43	0	0	0	0	0
070cc84019bdbca1f9e785761953ba74	0	10	0	0	0	2	0
4520e58ef5b1e1995ddd131c518a4baa	0	0	0	0	2	3	0
69381b90dbcecbf5f93c0d020696078d	0	0	0	0	0	107	0
ad05ad7ed5b132263d22f46ac6f4724f	0	0	0	0	0	12	0
a91d17f952248b4ed29c435ccd3f9673	2	0	0	0	0	125	0
3a18abb804d24e96452d65f3d020d33d	54	36	45	583	14	30	75
90dd7746409c220eb51300875ac75303	0	0	11	0	0	0	0
61072656e17d8b0294365eb895c055d0	0	4	5	2	0	0	56
029f2148372c338d80fddca66c9752b3	0	0	0	0	0	17	0
418a5733dbbe7c4b8c3f5cfe2a0b57e5	0	0	0	0	0	11	3
01b9dde3333c7f4c0f757646d03a322e	48	0	0	0	0	0	0
9b40710c1a340a9c738feddbd4ac85eb	0	0	0	0	0	26	5
455e3b100ed11239047c65512c40c89f	7	3	0	0	0	0	0
70d3e1d585d7872ca36942b66e06fc58	5	0	0	1	0	0	0
ee0225e933ff25acd2fb5badbb7e939d	3	0	0	0	0	0	0
1b00d1d1cfedccc2a66ad26b39f1ac35	0	0	18	0	0	0	0
7b74666430ee3a2318efe0b62a8b3c0b	8	0	0	0	0	14	0
e79b7ca1b8ac7041fa0d899809524225	28	1	0	0	0	5	2
05b3c04ed4e0386d87be01ae2bfa25e8	0	0	0	0	0	0	151
91606eef5185a0d16a56d96527ee5c5f	0	0	0	8	0	0	0
dbcacae6592aa394e08299e6cef93fd6	0	0	0	0	0	0	602
92f99dfa050238faa63e2009fad76fcc	0	0	0	0	0	0	33
b51b6857e0580f40e6e9d206538e4ea0	0	0	0	34	0	0	0
3c467ad66d747161e1b14c0b388de549	0	0	0	0	0	0	27
b3caa96db0b62d8c81e78feca35dd6ce	4	0	0	3	0	0	0
0bfd35ad36a294c5c2effadf9a4300e2	0	0	0	0	8	0	0
ef93c06d28b8cb5f9d949eb0575fabe7	7	0	0	0	0	0	0
d251e478aaeb454446b05cbbdc1b3f4c	0	5	0	0	0	0	4
72fed7b4e2e0522224473bf04d746108	0	0	0	0	0	0	6
b1341e1360fa19c86a0a5e3c870c9214	0	0	0	0	0	84	0
2997530d6ec9c7a08d53d48c42b597e3	0	0	0	0	0	0	418
42d94396e537026ff13aada14f11a499	9	11531	23	1	0	0	0
3324145502e0a2bd0c42d35ad58ad5c1	4	0	0	0	0	7	0
3607518e8d5056f269a70f423c1f6e05	22	4	0	0	0	3	0
afb0367cc4027e14dee3d943d726ca31	9099	2	0	1	0	0	1
91400f7e52f231c8ffb8fe9a0a2db170	2	0	0	0	0	7	0
1c7a475b952d857a64539680b726c4e7	0	0	0	0	0	4	5
6ae8cbac41ccb27233987d71b5f1c26f	5	0	0	0	0	0	0
2cdecd06630a07982a7f39bd8cd1a956	0	0	0	0	0	14	0
52f3a26b8627f9b9a88b19fd2ee84ddd	0	0	0	0	0	4	0
dcdd2cf3131d8fab8e55ed2aa1e1cfba	0	0	0	0	0	3	0
8f8e523e0fed116a0c2dd72edd62feb4	0	0	0	0	0	0	2
450f97fbf234f32deef7628b8a03eee3	10	0	0	4	0	11	0
57e341694aa40537dbf6a07d6b17d5cd	0	0	3	0	0	2	5
f7e79563cb622d519533ae64c681445a	0	0	0	0	0	0	17
83b476a398556a4efcde956ecd8870d1	0	0	0	0	102	0	0
9354c62b9a3f470316a13a6c8652985f	3	0	0	0	0	0	0
7095d384adbc255d8c35601d4f218166	31	0	0	0	0	0	0
523257a76636611ebb1a3cd1d328e8ee	34	0	2	0	0	0	0
25d9956030efbe32b6e5b6cd7c1218bd	0	1	0	0	0	0	14
b71d07456599f1e111de980307d8d7c4	103	0	0	0	0	9	0
efdf949e9cab803d5b8e56de0273c07d	0	0	0	0	0	75	0
d57d55af2c0678a74805031df39d3f77	0	9	0	0	0	16	5
407fc382b499b0677301d81cff6b711c	0	0	1	0	0	0	0
f24fa7035d50904b0ce9dd44ac7edbef	0	0	0	0	0	41	4
9b7a4802a74a58172003b8ba2474e0f2	0	0	0	0	0	0	42
5b0fc2a59db16dde5091eaedd44f2fa0	15	8	0	4	0	0	4
9c53144eeedd3208c7f1d231753826f5	15	0	3	3	0	8	0
5586e4a3e428f1881eb599fbfad4b3dd	6	0	3	0	0	23	0
552132ce79880259e6c81862dc19a2e9	18	0	0	0	0	0	0
27d5fbd15fdd9a8c23de3bb4e1152f4d	8	0	3	0	0	0	0
a2b72c50fbea93873065208b877038d1	8	0	0	2	0	0	0
46e1fdf3887c399d2a5de89a114c9b1d	34	0	0	0	0	0	0
968a7d0a3d8e97cc9a9028836089a3ef	0	0	0	0	0	4	0
61281a315d1ee673658f14ccbe576117	13	0	0	0	0	0	0
897a7c93d58986eb87f6032273695fef	0	0	0	0	0	0	1
22bcf34e3e18bd21ed5ec4cd1c1819d8	0	0	0	0	0	0	1941
9923da1137fbc3f0b4afdf0782595088	0	0	0	0	0	5	0
632899c538231618b4bfa048aefc93a3	0	0	0	0	0	7	7
c0e9e23f605206f65389272282fd8e04	0	0	0	0	0	9	0
edc5b47d71b40dc5b5ff9c51fd77c307	0	0	10	0	0	64	0
bbac36e0c387b5a1313eddb433d9fe59	0	0	0	0	0	272	21
ba6e6194725954bcb829c46530aaeedb	8	0	0	0	0	0	0
56c3c4bceeaad1738a9512e9e60342d6	0	0	0	5	0	0	0
bf76017c7528bdc8be9aacf88f45f8c1	0	0	0	0	0	2	0
ef3263c6ec153d4bf53802b87ceb32f7	25	0	0	0	0	0	0
2ebb9c38e802653b8c34069e6431b5a5	0	0	0	0	6	61	0
97d074e76ac7deff355c07d151dbacf4	492	19	1797	0	536	2905	0
dfea38d5300eb407564de2de0f393d4b	10	0	0	0	0	0	0
1bda7ec201fa960b703e214609c5b1c0	13	0	0	0	0	0	0
1f1de777306edb3d56f7334ac5a82f8c	5	0	3	3	0	2	7
fc503fc33a61164ad810df20d6e86276	0	5	0	0	0	0	5
f9ba92b71500c2e4cb0937b897db75f9	5	0	0	0	0	0	0
3d9716b5c606f933256398f8e498f9a1	0	0	0	10	0	0	0
f02c7556790cc924e2fbb8329ad81b3c	0	11	0	3	4324	0	0
58fd1a88b02dc98e8e9c96f44948a14c	257	17	0	10	0	30	1
1e3eae1ce925af01b0b60fb66e0a294a	7	0	0	0	0	17	0
e31c5c2077a2122ef107738c0fb09c4b	28	0	0	0	0	76	0
92858c7d521c6c8a7aed1d16e0f542da	0	0	0	0	0	32	0
d54899d4259e9eca5020a1a9e8323b11	0	0	4	0	0	0	2
d44fab46385bf69476696f63c72bc2af	0	0	0	0	0	19	0
ec1b63c56f2d1e3e3698d1e251d13c8f	2	0	0	0	0	4	0
bb89da782a884db8e6bec016956bcb1c	0	131	0	0	0	0	0
7937b4b71882baa6b551d262c52a1f81	0	0	86	0	0	140	6
4c3212d8f8333f2a63f7cf77612f6a1c	0	3	2	0	0	0	0
eebb47faf9ccbb87a02f3aa57e6eeab0	10	0	0	0	0	0	0
6d94262f4c21d9dc5107969293beae0d	0	0	0	0	0	0	3
469d196637d7f67a7f8cdc5353275e07	7	0	0	0	0	7	0
0748fa5ac4b522b06efbffcffea4372e	0	0	0	0	0	6	0
0e067b16d79795680eebb993b1ec6932	0	0	0	0	0	0	22
31cb6e43d9d4de3bd25bbd28d3643685	0	0	0	0	25	0	0
582726df6d7d42e25eae69b9ad4389eb	0	0	0	0	319	0	0
4157a54d8c6e84b2530c0eab292aeb0e	2	0	0	0	0	4	0
5a89c37aef00bba67ca2d93d2f96ad0d	13	0	0	0	0	0	0
15ef4af7b90bfd2a9cbbbed04bb2151c	4	0	0	0	0	0	0
eacda229fa79b738212f56f6845e6091	1	0	0	0	0	0	0
cf2b3fec7332c66a72ec126c31551fd3	2	0	0	0	0	0	0
a5b4dd2ee6122f461a3810d1b56c952a	0	0	0	0	0	0	8
ec9cd4e6e08d7e83c7c7bd0a4adacdca	0	0	5	0	0	4	0
54fc3933d9596e015d0e5e818adb5afd	0	0	0	0	0	0	41
c32918c132f51d07aab783fb7444a7be	21	5	112	2	0	9	69
d4dec022cae83fe7f4291a4cfa9b0fe0	0	0	0	0	0	3	0
27e26eed4fcd9ed8eea7b5b167b22f0e	0	0	5	0	0	0	0
3fc021617af9e7988a78c27abb11d2e9	0	1	0	0	0	0	0
ad0d0d1e70449ac3a22d54c9d314a2a6	0	0	0	0	0	12	0
d412b292cba08266242773215bda258b	6	0	0	0	0	0	0
c3bcd2282b870c9c706f77e1a95b2aae	0	0	3	0	0	0	0
45a2eee61b65b7859d9fadb9302d8f25	17	7	0	0	0	28	7
9b01ad9084172dd603e1b39cd6c2a21d	0	0	0	0	0	3	0
aabf9fb0110bd9c5f98edae5590dd55d	0	0	0	0	55	8	0
f820d7f454f3b0a00f4d09d0b3feb6ef	0	12	0	28	0	0	15
3ece25e7778f5732ef9ce8252018ee3b	0	0	6	0	0	0	0
49cd00292266d9f5d739c2b69bd1cc5a	0	0	0	4	0	0	0
51a232d58573f4a6f57a7a984c60cada	31	0	66	0	0	44	0
bd382c1a99a347f99bfa20f8a027478a	0	0	0	0	12	6	0
bae16b0ddf217676e041c486e3760c8c	89	10	0	0	0	0	34
0951928611608293551b86a5a257045f	0	1	0	0	0	0	19
b87f95b22d806951e5874aac29118f7c	0	0	32	0	0	11	35
f96ea0f2bf566f36778c482a4bb0f186	0	0	0	0	0	7	2
6a9772c881055afd71c9ba53f36e0976	3	0	0	0	0	12	0
766deec0f038ec0fb5e941a91ebc4902	0	5	0	0	0	0	0
086d201a527e891c6d4dae410f64100b	2	0	0	12	0	14	2
73ce4f8f37a19be15d5c37fbb5fe11c6	0	0	0	0	0	0	5
ee6e4d89c0ceabb285201d37167d942f	0	0	0	0	0	14	5
47aeb6aa000506eb71df7f6f5c9c599f	237	0	0	0	0	0	0
c03930424f024118f5a3eb182041fc2e	0	0	0	12	0	0	0
24e71a3c07f18e3ff0b9defae86706c3	7	0	0	0	0	0	0
6563128b604869909eb5f386776a26d9	0	2	0	0	0	0	0
d588a6193f24c113a27b0e3bc6eeb5ba	0	0	0	0	0	0	1
7233ca142517c3d781a063192a376b2c	53	0	0	0	0	0	0
ead5621dda936d19db4cb9c53eaf2c06	0	0	0	0	0	8	12
308af7dd404dcda6187602d05052dc61	2	0	0	0	0	0	0
115650d7dc97773c7dc0c89db7150ec9	22	0	1	2	0	0	0
6c43cf05458e38a462143f14ae767aba	0	0	5	0	17	0	0
38414e3fdae8e938b41c0780d33b1fe3	0	0	17	0	0	0	0
c686b68b791ce6ea410cc81f8647a8bf	6	0	6	0	0	0	0
689c59c7d6b4d4d5fdcb9f6141fc61a2	0	0	0	0	0	7	0
19f7a0f16311c4c41d0c427a800f57fb	0	0	0	0	0	23	0
815020a2ed919bab1e8a10a73a037521	0	0	0	1	0	0	0
e9600e107dd3eb1960f831949472cbfe	0	0	0	0	0	2	0
f78b9f0863d7bb2ef60848cc9b158b8d	0	0	5	0	0	0	0
020155aa05a9d299173c716537941bab	0	0	0	0	0	48	0
7ab2e2d564e58dc09eace204787896a4	3	0	0	0	0	11	0
426369f4863ac7726de585a6535465b8	3	0	0	3	0	0	0
1295af21ec5b63dca4464534612620bc	1	0	0	0	0	0	0
a113f6a70c798e06c9642757a1863a24	0	0	2	0	0	59	0
dbf2c4bbe77811ab1c175eb7ca811f8e	0	0	0	0	0	0	1457
d39320b9002ce1e6b36a668dd7e0ecc6	2	0	0	0	0	14	0
e006074699da4d5bc5a83925de9b8769	0	0	0	0	0	61	0
b34ef3a9f6181367e3b9d5fd69ed84ea	0	0	0	0	0	2	0
af0ded553a17a9e26697a6682911b5dd	6	0	0	0	0	11	0
a0624d77106a19d54b244d2f28a8cc4d	0	0	0	0	0	0	44
6259c384e21a24dfad2cdd5945d3b59a	0	0	0	0	0	23	0
efe720ed8e40d28511ce3fe1efcb43b5	0	2	0	0	0	179	2
b66af4668d997736d1b78aafb2929b8c	6	0	0	0	0	0	0
11600cc9117a132f3acfb31f0b188f0c	0	108	0	0	0	462	0
b39bcac6d2eba3df839feb49ea8afa78	0	0	0	3	0	0	1
d4a047c9e7b984e8c8650c8e650b93f5	1884	0	0	0	0	0	0
b17dca0b571199b884ed591f3fd7d1c7	9	0	0	0	0	0	0
b3f548ae2c7b234b51835f0cfd24ee88	27	0	0	0	0	67	0
1700bd17037cfda19377ab5fc5e729a8	0	0	0	2	3	1	0
90819c773f2e6f07886d99c4056a81df	0	0	21	0	0	0	0
9c58003f5c6d55c0ef5f3e7526cf3d5f	8	0	0	0	0	0	0
3e386eb57fe29a749d82a0e48c72fb26	0	3	0	0	0	0	44
0c319ba5716cdfa079aebd57951b30bf	3	0	0	0	0	0	0
85c7bc472b750aa319616612246c01c6	0	12	5	0	0	0	0
06dfdead049b95f33b3523f2efb5e2bd	22	0	0	0	0	0	0
b8ac34a8832b1ef68b6dcc75b5dfb0d2	0	12	0	0	0	38	0
78787df680bfba23a3aac796a58ebb24	2	0	0	0	0	0	0
6a99e857aa9483c1af7cd9e495ac205c	0	2	0	13	0	0	15
90a8d1f007dd0b7efcd8e36f99fe06c6	0	0	0	0	10	0	0
38779ea570b8658fc551f64b62a1c253	0	0	0	0	0	93	0
8057bc6d72d0d84d2d1eba410addfef6	0	0	0	10	0	0	0
8c0b49b8fe8489c796dca92c01470bab	4	0	0	0	0	7	0
b195e3d07b96cc11dae185bf51fe5cc2	0	66	0	0	0	0	0
94882e0ada22ab6a7a6e1f2b7e42c8b8	0	0	2	0	0	0	0
4c25622245acadc7269caccbd6c49e81	0	0	0	0	0	0	8
2ad9ca55ec2ff0b465e50fc76fa613a5	1	0	0	0	0	0	0
664a87c72e681ceef2d89d91078b7b68	0	0	9	0	0	0	0
f67fc90f6cae345b3aab728881e6da37	0	0	0	0	0	1272	0
7c2cb3dfdd41c8f33b0807f58947f352	0	0	0	0	0	74	0
13de9ae5f0da6eebb121a4acc8294585	0	0	0	0	0	0	47
b3e85748860e3f3f844b027beb12d6b8	0	0	0	0	0	166	0
5278cd5769cf4ea75653418f8b6dfdfa	0	3	0	0	0	0	0
202cc3fe848f2cd569e3c241c6c50dd3	17	0	0	0	0	0	0
fbb0a2e23eb193145d9b98b400700a7c	0	0	0	0	0	0	10
fe16db365ba9cf6286ba69cb4423ae7f	0	3	0	0	0	0	33
3c8c5bed7053ac1967f763a706ef79a4	0	6	0	0	0	0	0
a920b43a58d6d5e4921d3a97839616b4	5	0	0	0	0	0	0
4959d6195f32d2b95818a29278a4dba1	0	0	0	6	0	0	0
cf6b2d0ef8e87a7a05152be0584776b8	0	0	5	0	0	0	0
f97031dc91d671b6bb33f308ed4d8e04	0	0	0	0	0	4	0
8faab4896673774ee257a87ab8a861b7	0	0	37	0	0	0	0
6d37e968a4fb9c4eed69b8431e28d568	0	0	0	0	0	0	7
545768a13da364f6d9aa4c8ee8f4b986	0	0	0	0	0	143	3
afab396fe278b6be48d6bd283692c717	0	0	0	0	0	62	0
a362eb1b524f85b244d29b53818f73e1	0	0	5	0	0	0	0
0434956ee1a131799519af0f8c18eed9	0	0	0	0	0	11	0
5c89210d82a32e36cd68fb31069cafa2	0	0	0	0	0	27	0
9fd006753c9442eea8f3a7a0f9a2f208	0	0	0	0	0	35	0
3efb76de2db9a1be5249c80b8e10a6bc	0	0	0	0	0	15	10
85456e4d18624b31d203853089e045cf	0	0	0	0	0	68	0
122bb07c6e215d7aca3638df3a460726	0	0	0	0	0	0	7
7b395927aab7cfc6247c856ed69b6314	0	0	0	0	0	3	0
051cccb01d7691decb393fa961118720	1	0	0	0	0	11	0
5bb8b473ae3dded0a5b993cb40b0dead	0	0	0	0	0	0	14
57817469f5a35741b0dddfb34e19961c	0	0	0	0	0	8	0
2eadc5bce09d48e5401483c2130d8617	4	0	0	0	0	0	0
dbda3360e1e8faee5fae75fb2ba6bb0a	23	0	0	0	8	20	0
6b13a146fe30f4a3a13b228810dfe0a2	0	0	0	0	0	0	5
111124c2276bb8839606eadf815aa075	0	0	5	0	0	0	0
0fe63506e82080fda3357f75e1bc1fc0	0	0	0	0	0	238	0
8c84a1224cf336f76009347d3a9480cc	0	0	0	0	9	11	0
56e44671ccd5b5ddf8db64e1f53272df	0	0	0	0	0	0	8
f05f13fd2e0d345f1cc0edfac36f17db	6	0	0	0	0	14	0
48f3f85718420dc29fafb0ee53320db2	0	0	0	0	0	34	0
32f4b5b5c56caba1901e6236fad1eac8	15	0	0	0	0	60	0
4bd0e3b23b346fc04c14f6860cd65971	0	9	0	0	3	37	0
bd870adc7e15b5263b344520466ba82e	5	0	0	0	0	0	0
8470bb861631b25232816ab33dc139f7	0	0	0	4	0	0	0
bd211812c9b550afb8c4739b37006cd0	0	0	0	0	0	73	24
a4ef90809e6ab3dbe67b426699b8aaae	19	0	0	2	0	35	0
3bacf8389236094850bc7cbe5b1c6138	4	6	5	0	12	22	3
b98616422684be67fd90ed20ecfc3354	0	0	4	0	0	0	2
70a5b7d5c156d99bd5c67bd8c3fb7168	95	0	0	13	0	3	14
7c57c4badc577972a6ba7e5970a354f6	0	4	0	0	0	0	17
df78462796d8ed76e33282ea9a9500b0	0	0	0	0	0	1	0
a26b904a41d3846cd373495626722974	0	0	0	0	0	19	0
0da846b6e6edcd79020a36d693e55803	0	0	2	0	0	5	0
2153a71c6067b5d667da7efc5430cacf	0	0	0	0	0	5	0
7690e0825cee594a15fa682e5ae1a5d4	0	0	0	0	0	0	5
312547c0515004695523bd269ba5f49c	0	0	3	0	0	0	0
9ed01967c3a55872e6a0e825c91a18e1	0	0	0	0	0	7	0
27aee35eb367dff43f6c173256e66f0d	0	0	0	0	14	0	0
63da518013203de254256ea8d2713363	0	0	37	0	0	0	0
a4efd58b956864fc4569e3c407a20806	28	0	0	0	0	0	0
b297ecd95b1d1548b638584053130f9a	0	0	0	2	0	0	0
46a94e9e054a31b96a63ca4b13ebcc13	1	0	0	0	0	13	0
d6d4906c07a5489b48183c46789fe687	16	0	0	0	0	0	0
4c30bb1043cb63ead6ce107ac1a3d26f	0	0	0	0	0	8	0
628b8c420b287b375712b5b089d46dfb	3	0	0	0	0	0	0
e8f20a50a053acd04cc5727b6861b42e	3	0	0	0	0	3	9
96aaedbcd6e7c44bbd22921938a4501d	0	0	0	1	0	0	0
8b8761e56ab7e16e5bc4e6fc397b2ddc	0	0	76	0	0	129	68
d09da8bb251b7400eef4fbaf3944bffb	4	0	3	2	0	0	2
1caba8e181c4a73d85c0a94d1f4e3b2f	2	0	0	0	0	0	0
514277ea6e6e9f8d20878d5dc4259617	0	0	0	0	0	43	0
2cf90cd05cb0ec6b7129b808808fc62e	0	0	0	0	277	0	0
31334f934d5eadbee695ad422b7dd8fe	3	0	0	0	0	0	0
4e373d6ea6eeb0d6df5f77b66fdeb3fe	0	0	72	0	0	500	25
0f08452fd2b481cb0b9b400ee3e7e704	0	0	14	0	0	12	18
c0bb91ab0e4c592049a9fefdd302a426	0	0	0	0	6	0	2
a9016cd7deb13ba69240d19721b6fcd4	2	0	0	10	0	0	2
1a17773b99f3c7cbcf75b903a051697c	0	0	0	0	0	0	16
fa6a0eab6f1392a2a280c6acc885fa27	0	0	0	0	0	4	5
664ea9bfac7d89d0dd3f581445a6a540	0	0	0	0	2	0	0
8dabde4b02f48395f7d0b2e7f9c3b738	0	0	0	0	0	59	0
23b4f3a55bc48fa55fb6e085c57df043	0	0	0	0	500	10	0
21b9da9867e900f887096313439d4b89	0	0	0	0	0	0	110
94b6960333db3268765d6585cb2ff714	0	0	0	2	0	0	0
642299e53d1dc1ca4da3980c5ca4a5bc	0	0	0	1	0	0	5
efe5aaacbf37e7f138a23edb8dc23717	0	26	0	0	0	5	0
424ae53d551ed61df215a5225e91e397	0	0	0	0	0	18	0
95f9af7df2593aa5516c509972335f22	1	2359	0	0	0	0	3077
1b01419f7468e1a310c5abfa18dbde38	54	0	0	0	0	334	0
ea9b77b9f38977a94f3a8b866d5a8f36	0	0	9	0	78	153	0
069f06914f456f05bee497a8c1dfd9dd	0	19	0	0	0	21	0
11690f946a1d313d9e05ed80b4739f3b	70	0	0	0	0	0	0
28d8a7369b7868a16403052a7a40622f	0	464	3	0	1	0	0
905c4449406c5dbba796059a7992dfed	0	0	7	0	0	0	0
6d157d3fff3e16d900d890ebdb65fae0	0	0	0	0	0	0	6
3b3b76d52b1a4b02d499769148220e75	3	0	3	9	0	0	0
81097078280e46dbe0e6fce9303c8208	16	0	0	0	0	0	0
1f476f28ab611ea319ca7a6ef0c5a2c2	0	0	0	0	4	0	0
cc786791edbaec476cc3bf5af612bf61	0	2	0	2	3	0	0
a51fc26269679a8855e08d111e06c0e0	0	0	0	0	0	33	0
89c5d977fe7566403c8cce9ca45905e1	105	0	0	0	0	0	0
f14e3ae97be6cb60e608bbb7e49e82ff	13	0	0	0	10	25	0
b9de9c9033af3855348ec592b50793d9	0	0	0	0	0	0	41
3309ae9272713e5664b92675ffe4dca5	2	0	0	0	0	67	0
42535aced5884c3453be159ee49fdad1	0	2	0	0	0	3	0
882e8414cd66181e7d2f6b7b4b41a59d	0	0	0	0	0	71	0
b72f30b3ce5d6e74c5e4dd4e9fc1d382	4	0	0	0	0	0	0
6a479002f27a06cc3773b26370dbc045	69	0	0	0	0	0	0
4b3edc2318c57f999890c69b8253cda8	0	0	0	0	0	0	2
81e91f572d98738ad27bcfd6227bc86d	23	0	0	0	0	0	0
64b6c68443ae833013d49e3cd82586b9	0	0	60	0	0	0	0
946c3b7619cac1f58f00a24f19ed463a	53	0	0	0	0	24	0
d92ca4cd9586e92de66b791b5f3296be	0	8	0	0	0	110	0
0be7486cf0139781602e9ca13952b3f0	4	0	0	0	0	0	0
161a40c42e111aa0afb6bca3e074da8d	8	0	0	0	0	0	0
79411ad91597bc7d23a8b70587830cb7	0	0	2	0	0	25	0
04525ec0cc6240e40483810fcde8bb82	0	0	0	0	0	18	0
53ba13afc34235a1fc103ade327c17c0	0	0	4	0	0	0	0
b3f181ca80e2f50a344f69a7b1c8d476	3	0	29	0	0	0	0
aba27a31cf3b1e72dcdc053d2f8c13a4	2	0	0	0	0	0	0
533762a3260185dfec743f20d043585a	0	0	0	0	0	0	257
cc908c6d010cfc17fd2452e7b9b64a9c	0	10	0	0	0	0	0
01c3f1e7ada81b80ad8994a5b412efd1	2	0	0	0	0	26	0
ddf318722c245e2d544a10643a6bdee5	0	0	0	0	0	0	9
f80f4342974563b8178eedf1d921b081	0	0	0	6	0	0	0
1048c334bbb0e034350051fce93415fa	0	0	0	0	0	26	0
083bcf901b3328e279ab03165deb97ed	0	0	0	0	0	0	9
fae5dc36f7766e142e118a243a313990	8	0	9	0	0	4	0
498d334e3a01da46a60a5fa19e8cd10e	0	0	0	0	0	105	0
80b5c999f92c62809dd0e6801f7cf8b3	0	0	0	0	0	0	7
c322e1d8d9206646b4753fa6cff9d1d6	0	0	0	0	0	0	3
76808f2cacca605721cb4275bc82e41c	0	0	0	0	8	150	0
4a1bca670a60e65eebb0c997cc212233	0	0	3	0	0	0	4
3d6b7d066285a8392d27b07b20e655a9	3	0	0	5	0	0	0
2b1146d837ccd34745f958650fe379d7	0	0	0	0	0	37	0
248d75f3d49a3b1dfc0c0deb9c7273f1	0	0	0	0	0	0	2
202991d45cfa0aa34fe45ed9fb7ddf80	0	0	0	0	0	15	3
3d9f32cd78daeb3e7e832f22e9f7b111	222	0	0	0	0	0	0
1f503ca485e28936a71bcf2e28853a3d	4	0	0	0	0	39	0
778ca923ae2e6f5dcee46485aa34d693	1	0	0	0	0	3	0
99e0a8528eaaa0ffda030a53e328d070	0	0	0	0	0	164	0
b4eff09408e6ca517f4a33d1faac3690	0	0	6	0	0	8	0
070c956e816e4cd483ff515821725f02	102	0	0	0	0	33	0
4b92b226600285f9c010e7cc53b7ab0f	0	3	3	0	0	0	0
f12512c18fc482320cdd76542351efd1	0	0	0	0	0	0	235
6c5e19f0f29c00438e0c140d19ba41d2	0	8	180	0	0	14	32
8b588792e6867c1d195bcab7847956a1	5	0	0	0	0	14	0
6ffa05199008c8533e39d856c632f47b	32	0	0	0	0	69	15
adc2a140ead659b122ca85e5661dc8fd	11	0	52	0	0	0	148
f466ba0a458b7f3268b30db10a26cfb7	9	0	0	0	0	0	0
cd5be4a1797a7600f352d9a1ff0f547b	0	0	22	0	0	34	3
ba3e9110a21e35803ee6e64e59e91a78	11	0	0	0	0	4	0
e7bb692e3d249f32f36155edcee28496	0	0	12	0	0	0	4
9aece58bc0a474889ec90821e34c0d71	0	0	0	1	0	0	0
e43c959d66d61498869a2b9e14dde5b3	0	0	0	3	0	0	0
883a2e00eb8675cd8319c8a644f71ccd	3	0	0	0	0	0	0
0d535c000dcfe9c28008b8f11a4cdbc3	0	0	0	0	0	10	0
6f3e7e38d0539a6a7f07ce1825f57e20	0	0	0	0	0	14	0
bae0f9c1c8abf0170493ed10da14479f	0	0	14	0	0	0	0
cdb99c098c2ebb90d8fbd6494c954602	0	0	0	2	0	0	0
d9f6379d32be2dcdb7fce340054d177c	22	0	0	0	0	0	0
a8c6f5d3e1872e6910048d000be4da17	10	0	0	0	0	34	0
e9e413fe2a9c9d3eb3467e18bc2bc8f9	0	4	0	0	5	0	0
0b44ca312aaab384b91a7e7c13b3ce05	176	0	0	0	0	0	0
d93c7bbdd914b64a693332aa9d62eb56	10430	19	17	0	0	168	0
547d255d2d29c0a7e1691788122669b4	0	85	0	0	0	0	0
d986a24170528a3d0dd7a578f3e7a26b	0	0	4	0	0	0	0
e253a94fce717749525938e387e08d5f	0	0	4	0	0	0	0
afcb0dbcfdd9ec7214bc58610dffb2bb	0	0	0	0	0	0	1613
f3f5efe66cfaf758c6fee69b41a72013	0	0	22	0	0	0	0
e0cffb0105a0216fd3fceecd996c3a57	0	0	387	0	0	18	0
1deb2fbc37e652377d9709f1f38ba3cc	0	0	0	0	0	132	0
8a0e5dcc12cb3ab3e13d59a0efd037b4	0	0	4	0	0	0	0
f2f81762f77b55d247f0b0713d09c968	0	0	14	0	0	0	0
f21dc218f0c71972c8935d04854a0517	7	0	0	0	0	3	0
9390a651222f1c9ba21d6430e5dc1c19	0	0	0	0	0	0	1686
f70364440d559a28b2192ec4f6392458	0	0	0	0	0	0	3
2e39919cca21d55ada3d373fcd27573b	14	0	99	0	0	99	0
a20520f6390a2a071908d09d33f8a027	0	0	0	70	0	0	0
1f8d6be63b4f1e570ff9e2daf340d5d1	12	0	0	0	0	0	0
8e8bb24f3c65b74b546fdbb220e15abf	0	0	0	2	0	0	2
6c76b1bf87d1ccb74ea6056fb190150d	0	0	0	0	0	0	16
8bc71cafda15a94fd1f4f222ccd58909	0	0	0	0	0	12	0
6a15b19857f0e0e0c3e608951fb868a9	2	0	0	0	0	0	0
941d35a6a00b19a9d4e4820efddb686c	0	0	0	0	0	29	0
82cb643250a1953799eb737820c36ae5	0	0	0	0	0	0	9
70c539886ef1c8cdd7c7ea0d4e0fe767	0	0	0	0	0	47	0
db908cc40ff0d2a71e7603d521c35a2c	0	0	56	0	0	0	0
cc569f57028be67642f168d4d12ffb14	6	0	0	0	0	7	0
eb8d874098205cf6a63a2b1c0a6e9d0f	0	6	0	0	0	0	0
2027ef94f7a4e6b61eb38b8418e20d47	0	0	0	1	0	0	0
57691d61957eeaaf422c6c8247386a0c	68	0	0	0	0	0	0
b56fc6be8674f33af751a66f1f0c5ad1	0	0	21	0	0	0	0
22a50a5bdcb116ecc98471674da22b2f	0	4	0	0	0	0	8
b3ddf7b7283f99155b6b6d666fb0f10b	0	0	0	0	0	614	0
4fcf4fb7f493b782823e539d92ef6b17	0	0	0	8	0	0	0
e6e26e91344078e5d8d357fd4091e427	0	0	0	0	0	58	0
4e10abdd02af6c86f5a36333b4c2b6b7	0	0	0	2	0	0	4
52566bfdd5ad687e57e8e6e4d294fdc0	0	0	0	0	0	18	9
1188b0764522c5e91ee3589b3163d41f	2	0	0	0	0	0	0
1ae40c3779c3db01dae6df0285630956	13	0	0	0	0	0	0
da5a778bee8fce630432b5c826f16bab	6	0	0	0	0	0	0
f4c850f85419bf824c5dcd11945db52d	0	0	0	0	0	47	0
bf1f7227112ba1a35351d0acbd9ce836	0	0	0	0	0	0	30
9ebeb0fb5632570b5cdc694d6e3c6f2f	298	0	0	0	0	0	0
136f01d8721d207904e02ba61e160637	395	0	0	0	0	0	0
9898f9a731db7041cb5157e4a4283fac	0	0	0	0	0	0	357
50f22d9784bdc85eb0084998b912d32c	0	314	0	0	0	0	0
1ad07ba94303268eef8d3ba644c8d33e	0	6	0	0	0	735	0
1271e3ac888f7beb3ad095ab8c127393	0	0	0	0	0	12	0
70257be1581ffb1fc9d54663c7596054	0	0	0	0	0	15	0
d0215c3c39ff422cc2ad29ab6b74819e	5	0	0	0	0	0	0
c34bbd6723593acecaa14ed1736716c6	0	14	0	0	0	6	0
16b4a0909f7e283b552f2c6f86171fb1	9	0	0	0	0	9	0
677ab560af21d202c970809dae0e8cfd	0	0	0	72	0	0	0
88362d79ba89ace34717eeb22d3866c5	0	9	71	26258	35	0	0
aefe0fd2957ba06ed2308a72c726fbdc	0	0	1	0	0	0	0
64db754de201f63823f346920aba50e6	0	0	0	0	15	0	0
4edccef812cb065322e82d1f29dcbc8e	0	0	4	0	0	0	0
fd243b0fc877f832921e9c3d28de9019	0	0	0	0	0	50	0
1060fb5ad307d711190b8b1611618ffd	7	0	0	0	0	45	0
7e2832440539677b57bea5d12295f734	7	0	0	0	0	8	0
e3f50cbd51f91d6379f3c214fe02c5a5	0	22	0	0	0	0	0
d9ef79d58d1b8ad50db62d6146f4862f	19	0	0	0	0	19	0
90a156aad1e164bafeb7094a3a0afa0b	15	3	1	0	0	0	5
74261fc1c5867d858efce9e5c1c04a33	0	0	13	0	0	45	4
25150ccf32d3b562d6051c5774d27ead	138	0	0	0	0	5	0
8b5d820778f4b6fae1d626c4b3954014	6	0	0	1	0	0	0
ae11e2130280aba4667a693aca4c126c	0	0	0	0	0	44	0
9470caecc8e192319c5c935261a8f9b7	0	3	0	0	0	0	5
2bb3bd2b82e3ee0d858b6968af0d6082	0	0	439	0	0	0	0
b0857f3904fb8488b33c9e12652dbe36	0	0	0	0	0	19	0
a927bf1593b4480f05eb13c3c348b7f5	0	0	0	0	0	0	8
71661544b4d5de53afcba16c9c3dc3de	0	0	0	0	0	3	0
4f36510781618eb962b504cf345e0c13	0	0	0	0	0	178	0
549d4d854142e6b1ed8b05e14353f641	0	0	0	0	0	0	182
03e3fdbe0d648f905b5e4c4ab833f3cb	0	0	0	1	0	11	0
cc2097c7616792d9373b8f15d7dfe88c	8	0	0	0	0	12	0
8ab61581e9dcdf34a518a8951f43a85b	0	0	3	0	0	0	0
1f9951d8d6b6e321fa0b0aa04a749f1e	0	0	0	0	0	3	0
efc76ad82d36e2ca02df3f4b4558be5c	24	3	19	0	0	120	3
6efade662cbfdf084901442abcf554af	1	0	0	0	0	0	0
2972bc7096bbb15fee085ccef45d7131	0	0	12	0	0	0	0
ceed583379855cd4b2c120905d65542d	3	0	0	5	0	0	0
7950e9ee1b633020fd0330a6e95c572a	3	0	0	0	0	0	0
fc5d8983eaeec10fb6af63a9282ed514	3	15	0	9	2	0	0
f6ae2fff83dd352da0da369fa19fd936	0	0	0	0	0	19	0
bac151ae363cd5b39ccca6d9910e3742	0	0	0	0	0	31	0
75ed72329159699fcee6651fbadd16f5	0	0	8	0	0	0	0
1e71393d3501b52f9a37bac71983ea0e	0	0	0	0	0	0	1
60de2be8d3461f4ffd97a6f1c0f379be	0	0	0	0	0	5	0
be9ce4759e0baf79582281aa9cff676a	4	0	0	2	0	0	1
39112f98919f9e395bc280954f2cb59f	0	0	0	0	0	0	19
11ac4a8640a7b435f8dd79ab6e39443f	0	0	0	0	0	355	0
7c040a41c35f2c3d166fbecf8f5e479b	0	3	0	0	0	4	0
dd76a9ed38e94c307e593765cd90954a	0	0	4	0	0	8	0
abcea600ac324d58e5e269414bfc1bf5	5	0	0	11	0	4	6
39523e8874e6143ebe4627745b149f8b	2	0	0	0	0	0	0
c93a8164857251a12c8f539342da8df7	3	0	0	0	0	0	0
1d47812778485b32f8caa2fd18879296	0	59	0	0	0	0	0
25a9e55159bb36ed062fcc6527126c14	2	0	0	0	0	7	0
ca7198a7bbb94e94d4856c7c8d9c3264	7	0	0	0	0	0	0
d5707c9eaeef5d9b8841944415b36f5f	0	0	0	0	0	0	6
c62cf16198316ba75b7a9acbf0b8780d	0	11	0	0	2	5	8
1b8b57b64904ebcf9d9da7417576850d	11	0	0	0	0	0	0
f90c0c1e41d60634de0d3179a5122909	0	0	0	0	0	0	442
56cb89b847f6e1c0ae261515096b58dc	6	0	0	0	0	0	0
52b4fec73370df6d31333c760edc25f0	0	0	0	0	0	9	0
fa527f5ed7ec669f59af3d13813d1b06	0	0	38	0	0	0	3
7cfa72aa51171cda1ce88ce2fce3630a	0	8	0	0	0	0	6
3c81f3658e964cac6f2c394916919750	0	0	4	0	0	11	0
610a7a9e99a90a1646635dfb5775fc99	0	0	0	1	0	0	0
19943f3104f668e12defde4d635ded14	0	0	0	4	0	0	0
d360d74800f04ca66aef2cf6ec69fad1	0	0	0	0	0	0	33
b0c16d7b6379462ca08b06a0d304a96a	17	0	0	0	0	0	0
19f79aada09303ed71a4fdcb30ec3963	0	0	3	0	0	0	0
0a65c8f5c8a603ec5cd64cd059a9b8fc	0	0	21	0	0	16	0
3ed0140212944715f75159426bdff8eb	7	0	0	0	0	18	0
123c303caab98e3b7b0d0655fc12d428	0	0	0	0	0	16	3
5fd8d26a6fd24ccd160fb431c858f0f2	2	4	0	0	0	0	0
f803eb46271f79e948937638aa779fd7	8	0	19	0	0	71	0
ab1e4421e1cad3235a7d596dfa6457de	0	0	0	0	2	0	1
6bad07df4ff0fbfdc05f16efc1c33654	0	3	0	0	0	18	0
c71ced730e982154d7e323941fc6c7be	2	0	0	0	0	0	0
baab23a00cc891ab4681cea8643a5329	0	0	0	2	0	0	0
89424a0027c1718bfaa6c8a3065d450f	65	0	250	0	0	429	0
ae56702c276a68e97e65207e3a72faf2	0	0	0	0	0	50	0
50be2bb6a38484075db9d45f58d03062	0	0	0	0	0	29	0
28934f15f7f6c03d4b3bd11f526bbe0f	0	0	0	0	0	296	0
2af9fd8c8b018e081beda9379ca94f04	0	0	0	0	0	0	4
9f671d65a749c97345fee2bf75748991	0	0	0	0	0	53	0
cc63bf13b2ad3a2b193f1e5f61f544e0	7	0	0	0	0	45	0
8a85473d76d3163bb232bbc3a80e80b2	0	0	0	0	2	0	3
18d5b070a2d5159a06056e75f42e654a	0	0	266	0	0	0	0
31a19fb021156220de9e1581acad0fc6	5	0	0	0	0	0	0
98f784b088f209f27afc62b1cba7dcdf	0	0	0	0	0	0	10
7f72e32291898ea135808ce764fc080f	12	0	0	0	0	0	0
6b8b0fe7eb439f0438fcc7a04b67e5a4	0	3	0	1145	1	0	0
8a085aafe2fafa4e492a005783c8a8d5	0	0	7	0	0	0	0
0d27830e2f65ba841a501e6f4f3f9c50	0	14	0	0	0	0	46
88fd401abb6c236b42b1f18af01fcf8e	0	0	0	0	0	13	0
92255b8718d384ccaf790a7d2e88d048	0	0	230	0	0	0	80
5d6941e7e02db4e5775e9c7dd8a8490d	0	0	8	0	0	0	0
7180f231de5102fbbd396b9d0864356f	2	0	0	0	0	0	0
0f9484d98ba4014d0b68b5bcd504cc0b	1	0	0	0	0	0	0
7fbdb2df60f46e1f2fb972c4e8ab523c	1	0	0	0	0	4	0
6f84fcf414e77a7c441933125f3f68d3	0	0	0	0	0	0	3
e1f282df5e68e60393d24a728e77433a	0	0	17	0	0	15	0
0dbe47ae6f0e6b5d3f6cbd8a1d4e6c71	0	0	9	2	0	0	0
692b4b9e2024c249f3783bc76fc59f7a	0	0	0	0	0	0	5
595ff71e8eb01aa6dc32e7911c060532	5	0	0	4	0	0	0
9375621da83cf572812cb375b2b44fc0	72	0	0	0	0	0	0
817bfe03151fed7340599f4ee49f0e36	501	0	0	0	0	0	0
d292591f7c2a4de3a661e0568a97bf25	2	0	0	0	0	0	0
4d70244472f2e068583625e02d50aa31	1	0	6	0	0	0	0
1b17d67cfcf59962811712a93a2950b0	0	11	0	0	0	5	0
fd97a974055a18d8555bf6c8507f2d56	6	0	0	0	0	0	0
8754740918f2213cfa8f9d8481cbb315	0	6	0	0	0	7	0
43d72243efbb7fbba9dc141d075d2dd4	0	0	0	1	0	0	0
a9843d8d7c3e8e622c41b8fc26d76759	0	2	0	0	0	0	0
b9da00f4ada7b60338728b3ad0d63ca4	0	0	0	0	0	6	0
68a34eb512cf7d7333d8867b24038278	0	0	0	0	0	5	1
27829f7583bae428e1bcf4ee697da619	0	1	0	0	0	0	0
243c23d10c74d85359218211c4bb0653	0	0	0	0	84	0	0
afc0f4e6def4ae66196de1dee2ae0afc	6	0	0	0	0	0	0
6e58eb3b2856e676aef499a9d0b30a79	0	0	0	0	0	51	0
0bf0267afaf81c60397b3d93ad9a84c5	0	0	0	0	0	6	6
452146e84398ef826fdfcac61d9695c1	0	2	0	0	0	38	0
e1fb79c2c141e4b969e783c5c97515d2	0	0	0	0	0	0	22
65de1baa51ec4d1764cd0187f4d91f60	50	0	0	0	0	0	0
7d9e3d07be671bcdd1f05667d97e42f5	0	0	0	0	0	204	0
09e76b4439da1155ae8e642d7ee17fbf	0	0	6	0	0	0	0
437c0043a8afd80d98e5d4071b46f0e5	0	3	6	0	0	76	0
d9812a6f9ab7f63e00cb8d6228ea6902	0	1	0	0	0	0	0
b822540460ae95746dadf2e61cf30faf	0	0	0	0	0	100	0
ee1007e88652b20fa7a791d397eeb5b5	0	0	0	0	0	0	17
7a729896564baf501a0fafffa9fea9be	0	4	0	0	2156	0	0
c88bb64df7067d0b054e949749900457	0	0	0	0	0	0	3510
58174905c2159fce99c9accc56963507	0	0	0	0	25	0	0
7acb990ca01b4fb32c64dd4d181b8c62	0	0	0	0	0	39	0
f3f165ba5ceeda2548584b33dc91fbd0	0	7	12	2	28	0	4
e28eae366054d41126c47aee168e926b	0	0	0	0	0	14	0
8879db60288d275ca284ac17b7988a44	2	0	0	1	0	0	0
efc7e664dbb914ff849e4000d2360a57	3	0	0	0	0	0	0
949cb3bd523cfe7affcc852508d4d0d2	0	0	19	0	0	0	0
e7d91fbc807f675d55dca1706ee28fda	0	0	0	0	0	0	12
7f72e814551724335c403f1e42ac1942	0	0	0	0	0	18	0
b1a09095b298752b708d5846c9a2a9c2	0	3	42	0	0	0	0
213199860ed089bf666b40b08005555e	14	51	0	15	24	0	0
2445c1be1ef92aa0ffec727cccb98d20	46	0	0	0	0	0	0
91fa6e0da6ffcad2b090025dd68af4b0	45	0	1	0	0	3	2
ca35dd669c68e41893b9fd49e1a52f39	30	0	0	1	0	20	0
1c8f17d0cfd403c89a3b8be924becaa7	0	275	0	0	0	0	0
dd3c20b4fc9ef4eeab3db9adce8226bb	15	0	0	0	0	7	2
390145d14da80a99102e34a0a3cbe146	0	0	9	0	0	0	0
5d7e452a98f97f529cff48c0e9d675d8	10	0	0	3	0	0	0
6651f16562aab760b7348256a51b3ab5	4	0	0	0	0	0	0
70293823f394a8b4fdc99b426026b712	2	1	0	2	0	2	2
d9ab9b6bfb5f47296c7630e1d9e24d0c	0	0	0	0	0	0	4
07c0a58b338e5bbbdc20bcc6a895cce1	0	0	5	0	5	0	8